Date,ETFC
1996-08-16,28.125
1996-08-19,27.34375
1996-08-20,27.5
1996-08-21,26.25
1996-08-22,26.25
1996-08-23,26.5625
1996-08-26,26.25
1996-08-27,26.25
1996-08-28,26.5625
1996-08-29,26.328125
1996-08-30,26.25
1996-09-03,26.25
1996-09-04,26.25
1996-09-05,26.25
1996-09-06,26.25
1996-09-09,26.25
1996-09-10,26.25
1996-09-11,21.875
1996-09-12,22.8125
1996-09-13,23.4375
1996-09-16,22.8125
1996-09-17,21.5625
1996-09-18,20.9375
1996-09-19,21.25
1996-09-20,24.0625
1996-09-23,23.125
1996-09-24,22.8125
1996-09-25,23.75
1996-09-26,26.875
1996-09-27,31.25
1996-09-30,32.96875
1996-10-01,27.5
1996-10-02,27.8125
1996-10-03,30.0
1996-10-04,30.9375
1996-10-07,30.9375
1996-10-08,29.0625
1996-10-09,28.75
1996-10-10,30.625
1996-10-11,31.25
1996-10-14,30.625
1996-10-15,30.3125
1996-10-16,30.625
1996-10-17,31.25
1996-10-18,31.25
1996-10-21,31.25
1996-10-22,29.375
1996-10-23,29.6875
1996-10-24,29.375
1996-10-25,28.28125
1996-10-28,27.1875
1996-10-29,26.875
1996-10-30,27.1875
1996-10-31,27.8125
1996-11-01,24.6875
1996-11-04,24.375
1996-11-05,23.125
1996-11-06,25.0
1996-11-07,24.0625
1996-11-08,24.375
1996-11-11,23.4375
1996-11-12,22.5
1996-11-13,22.5
1996-11-14,24.0625
1996-11-15,24.6875
1996-11-18,25.0
1996-11-19,25.3125
1996-11-20,25.3125
1996-11-21,27.460938
1996-11-22,26.5625
1996-11-25,26.875
1996-11-26,26.5625
1996-11-27,26.5625
1996-11-29,27.34375
1996-12-02,26.875
1996-12-03,28.4375
1996-12-04,29.375
1996-12-05,30.3125
1996-12-06,28.75
1996-12-09,30.9375
1996-12-10,30.0
1996-12-11,29.0625
1996-12-12,29.6875
1996-12-13,29.375
1996-12-16,28.125
1996-12-17,28.4375
1996-12-18,28.4375
1996-12-19,28.125
1996-12-20,27.5
1996-12-23,28.125
1996-12-24,27.8125
1996-12-26,27.8125
1996-12-27,28.125
1996-12-30,28.4375
1996-12-31,28.75
1997-01-02,28.125
1997-01-03,27.8125
1997-01-06,29.6875
1997-01-07,30.3125
1997-01-08,29.6875
1997-01-09,28.75
1997-01-10,30.0
1997-01-13,30.625
1997-01-14,29.6875
1997-01-15,30.625
1997-01-16,31.25
1997-01-17,31.5625
1997-01-20,33.125
1997-01-21,40.9375
1997-01-22,48.4375
1997-01-23,46.25
1997-01-24,47.1875
1997-01-27,46.25
1997-01-28,44.375
1997-01-29,44.6875
1997-01-30,44.6875
1997-01-31,44.0625
1997-02-03,44.6875
1997-02-04,45.0
1997-02-05,44.6875
1997-02-06,42.03125
1997-02-07,38.75
1997-02-10,37.1875
1997-02-11,35.3125
1997-02-12,36.875
1997-02-13,40.9375
1997-02-14,42.1875
1997-02-18,40.625
1997-02-19,45.0
1997-02-20,45.3125
1997-02-21,48.4375
1997-02-24,55.46875
1997-02-25,50.3125
1997-02-26,49.6875
1997-02-27,53.125
1997-02-28,60.0
1997-03-03,63.125
1997-03-04,62.1875
1997-03-05,63.125
1997-03-06,58.75
1997-03-07,62.1875
1997-03-10,60.625
1997-03-11,59.375
1997-03-12,56.40625
1997-03-13,54.0625
1997-03-14,52.1875
1997-03-17,50.9375
1997-03-18,50.0
1997-03-19,49.0625
1997-03-20,48.125
1997-03-21,47.5
1997-03-24,45.15625
1997-03-25,45.625
1997-03-26,45.0
1997-03-27,44.6875
1997-03-31,45.0
1997-04-01,46.5625
1997-04-02,44.21875
1997-04-03,42.65625
1997-04-04,43.75
1997-04-07,46.5625
1997-04-08,47.65625
1997-04-09,48.125
1997-04-10,47.5
1997-04-11,44.6875
1997-04-14,43.90625
1997-04-15,44.0625
1997-04-16,43.4375
1997-04-17,39.84375
1997-04-18,42.65625
1997-04-21,41.25
1997-04-22,40.9375
1997-04-23,40.78125
1997-04-24,44.21875
1997-04-25,39.0625
1997-04-28,38.4375
1997-04-29,36.875
1997-04-30,37.5
1997-05-01,37.8125
1997-05-02,42.5
1997-05-05,45.3125
1997-05-06,45.0
1997-05-07,44.6875
1997-05-08,44.84375
1997-05-09,44.6875
1997-05-12,44.0625
1997-05-13,42.5
1997-05-14,42.1875
1997-05-15,40.0
1997-05-16,39.84375
1997-05-19,38.75
1997-05-20,39.53125
1997-05-21,40.3125
1997-05-22,42.1875
1997-05-23,42.8125
1997-05-27,43.125
1997-05-28,43.4375
1997-05-29,43.125
1997-05-30,44.0625
1997-06-02,48.75
1997-06-03,46.875
1997-06-04,46.25
1997-06-05,48.75
1997-06-06,51.25
1997-06-09,52.5
1997-06-10,49.6875
1997-06-11,47.5
1997-06-12,48.4375
1997-06-13,47.8125
1997-06-16,47.5
1997-06-17,46.875
1997-06-18,46.875
1997-06-19,49.375
1997-06-20,49.6875
1997-06-23,49.0625
1997-06-24,49.84375
1997-06-25,49.84375
1997-06-26,46.875
1997-06-27,45.9375
1997-06-30,49.0625
1997-07-01,45.78125
1997-07-02,44.921875
1997-07-03,45.3125
1997-07-07,45.3125
1997-07-08,50.3125
1997-07-09,61.5625
1997-07-10,64.0625
1997-07-11,62.5
1997-07-14,61.5625
1997-07-15,64.53125
1997-07-16,67.96875
1997-07-17,69.53125
1997-07-18,67.34375
1997-07-21,66.5625
1997-07-22,65.78125
1997-07-23,63.4375
1997-07-24,66.25
1997-07-25,65.0
1997-07-28,64.6875
1997-07-29,70.3125
1997-07-30,73.4375
1997-07-31,76.25
1997-08-01,74.375
1997-08-04,72.8125
1997-08-05,74.6875
1997-08-06,76.25
1997-08-07,75.9375
1997-08-08,71.40625
1997-08-11,70.3125
1997-08-12,65.9375
1997-08-13,67.96875
1997-08-14,74.375
1997-08-15,71.875
1997-08-18,69.0625
1997-08-19,69.0625
1997-08-20,70.15625
1997-08-21,69.6875
1997-08-22,69.53125
1997-08-25,70.9375
1997-08-26,72.1875
1997-08-27,77.5
1997-08-28,75.9375
1997-08-29,80.3125
1997-09-02,87.96875
1997-09-03,91.25
1997-09-04,87.1875
1997-09-05,86.5625
1997-09-08,94.21875
1997-09-09,91.875
1997-09-10,89.375
1997-09-11,91.5625
1997-09-12,93.28125
1997-09-15,93.4375
1997-09-16,90.9375
1997-09-17,93.59375
1997-09-18,96.40625
1997-09-19,101.875
1997-09-22,111.5625
1997-09-23,108.4375
1997-09-24,115.3125
1997-09-25,111.25
1997-09-26,109.375
1997-09-29,110.9375
1997-09-30,117.5
1997-10-01,114.6875
1997-10-02,113.75
1997-10-03,117.1875
1997-10-06,98.28125
1997-10-07,85.0
1997-10-08,87.8125
1997-10-09,91.875
1997-10-10,93.75
1997-10-13,91.25
1997-10-14,89.6875
1997-10-15,82.8125
1997-10-16,72.8125
1997-10-17,75.3125
1997-10-20,84.6875
1997-10-21,94.84375
1997-10-22,92.03125
1997-10-23,86.875
1997-10-24,82.65625
1997-10-27,73.4375
1997-10-28,80.0
1997-10-29,82.5
1997-10-30,78.28125
1997-10-31,77.1875
1997-11-03,82.03125
1997-11-04,81.71875
1997-11-05,84.53125
1997-11-06,85.0
1997-11-07,81.875
1997-11-10,73.125
1997-11-11,66.25
1997-11-12,63.125
1997-11-13,56.71875
1997-11-14,61.25
1997-11-17,66.09375
1997-11-18,64.6875
1997-11-19,59.375
1997-11-20,62.265625
1997-11-21,60.078125
1997-11-24,60.3125
1997-11-25,59.921875
1997-11-26,59.84375
1997-11-28,62.65625
1997-12-01,66.40625
1997-12-02,58.90625
1997-12-03,53.125
1997-12-04,51.40625
1997-12-05,50.78125
1997-12-08,57.1875
1997-12-09,57.8125
1997-12-10,53.75
1997-12-11,55.3125
1997-12-12,55.9375
1997-12-15,50.0
1997-12-16,52.578125
1997-12-17,50.3125
1997-12-18,46.5625
1997-12-19,46.484375
1997-12-22,49.0625
1997-12-23,48.75
1997-12-24,50.0
1997-12-26,48.75
1997-12-29,49.375
1997-12-30,55.3125
1997-12-31,57.5
1998-01-02,57.34375
1998-01-05,63.28125
1998-01-06,61.484375
1998-01-07,62.34375
1998-01-08,61.09375
1998-01-09,57.1875
1998-01-12,56.5625
1998-01-13,57.109375
1998-01-14,56.875
1998-01-15,56.40625
1998-01-16,57.1875
1998-01-20,58.28125
1998-01-21,59.84375
1998-01-22,59.21875
1998-01-23,55.0
1998-01-26,50.625
1998-01-27,49.765625
1998-01-28,51.09375
1998-01-29,50.46875
1998-01-30,54.53125
1998-02-02,59.53125
1998-02-03,61.875
1998-02-04,61.40625
1998-02-05,62.5
1998-02-06,57.96875
1998-02-09,68.4375
1998-02-10,66.875
1998-02-11,66.5625
1998-02-12,69.375
1998-02-13,65.3125
1998-02-17,65.0
1998-02-18,63.75
1998-02-19,65.0
1998-02-20,64.6875
1998-02-23,65.703125
1998-02-24,64.21875
1998-02-25,62.03125
1998-02-26,65.9375
1998-02-27,66.875
1998-03-02,65.9375
1998-03-03,65.46875
1998-03-04,63.28125
1998-03-05,57.03125
1998-03-06,60.625
1998-03-09,62.1875
1998-03-10,64.0625
1998-03-11,61.875
1998-03-12,61.40625
1998-03-13,53.4375
1998-03-16,57.5
1998-03-17,55.625
1998-03-18,57.34375
1998-03-19,59.0625
1998-03-20,58.28125
1998-03-23,59.0625
1998-03-24,60.15625
1998-03-25,60.46875
1998-03-26,59.84375
1998-03-27,60.9375
1998-03-30,60.625
1998-03-31,62.34375
1998-04-01,64.6875
1998-04-02,65.3125
1998-04-03,67.96875
1998-04-06,64.375
1998-04-07,67.5
1998-04-08,58.90625
1998-04-09,58.59375
1998-04-13,56.71875
1998-04-14,56.09375
1998-04-15,54.21875
1998-04-16,54.375
1998-04-17,56.40625
1998-04-20,58.59375
1998-04-21,57.03125
1998-04-22,58.28125
1998-04-23,56.40625
1998-04-24,55.9375
1998-04-27,52.8125
1998-04-28,57.96875
1998-04-29,60.3125
1998-04-30,62.34375
1998-05-01,60.625
1998-05-04,62.5
1998-05-05,62.5
1998-05-06,60.9375
1998-05-07,59.53125
1998-05-08,59.375
1998-05-11,59.375
1998-05-12,59.53125
1998-05-13,59.84375
1998-05-14,58.28125
1998-05-15,57.8125
1998-05-18,56.25
1998-05-19,57.5
1998-05-20,55.3125
1998-05-21,55.625
1998-05-22,55.9375
1998-05-26,53.75
1998-05-27,53.125
1998-05-28,55.78125
1998-05-29,54.0625
1998-06-01,51.5625
1998-06-02,51.25
1998-06-03,50.3125
1998-06-04,55.0
1998-06-05,55.78125
1998-06-08,58.4375
1998-06-09,58.59375
1998-06-10,57.96875
1998-06-11,55.15625
1998-06-12,52.5
1998-06-15,50.625
1998-06-16,52.265625
1998-06-17,55.46875
1998-06-18,52.5
1998-06-19,52.03125
1998-06-22,53.75
1998-06-23,52.8125
1998-06-24,53.90625
1998-06-25,55.625
1998-06-26,55.625
1998-06-29,56.25
1998-06-30,57.34375
1998-07-01,57.8125
1998-07-02,56.25
1998-07-06,55.625
1998-07-07,57.1875
1998-07-08,57.8125
1998-07-09,63.90625
1998-07-10,61.25
1998-07-13,86.25
1998-07-14,76.40625
1998-07-15,84.53125
1998-07-16,84.21875
1998-07-17,83.28125
1998-07-20,80.625
1998-07-21,80.0
1998-07-22,71.875
1998-07-23,62.8125
1998-07-24,67.8125
1998-07-27,67.5
1998-07-28,67.8125
1998-07-29,66.25
1998-07-30,68.4375
1998-07-31,68.125
1998-08-03,64.6875
1998-08-04,62.8125
1998-08-05,61.25
1998-08-06,67.8125
1998-08-07,71.71875
1998-08-10,69.375
1998-08-11,70.0
1998-08-12,72.1875
1998-08-13,67.34375
1998-08-14,69.0625
1998-08-17,68.4375
1998-08-18,67.5
1998-08-19,65.3125
1998-08-20,60.15625
1998-08-21,64.375
1998-08-24,62.03125
1998-08-25,63.28125
1998-08-26,60.3125
1998-08-27,55.625
1998-08-28,52.1875
1998-08-31,41.5625
1998-09-01,44.6875
1998-09-02,47.1875
1998-09-03,45.625
1998-09-04,43.90625
1998-09-08,47.5
1998-09-09,47.96875
1998-09-10,48.28125
1998-09-11,47.8125
1998-09-14,48.75
1998-09-15,47.8125
1998-09-16,47.8125
1998-09-17,46.40625
1998-09-18,45.234375
1998-09-21,46.875
1998-09-22,45.625
1998-09-23,47.8125
1998-09-24,45.625
1998-09-25,46.25
1998-09-28,45.9375
1998-09-29,45.15625
1998-09-30,46.71875
1998-10-01,43.90625
1998-10-02,44.453125
1998-10-05,42.34375
1998-10-06,39.53125
1998-10-07,32.34375
1998-10-08,30.078125
1998-10-09,32.265625
1998-10-12,35.46875
1998-10-13,32.5
1998-10-14,33.125
1998-10-15,35.46875
1998-10-16,37.65625
1998-10-19,39.53125
1998-10-20,41.25
1998-10-21,43.28125
1998-10-22,42.5
1998-10-23,40.46875
1998-10-26,41.71875
1998-10-27,44.6875
1998-10-28,42.96875
1998-10-29,43.75
1998-10-30,45.0
1998-11-02,48.90625
1998-11-03,47.1875
1998-11-04,49.21875
1998-11-05,52.5
1998-11-06,57.8125
1998-11-09,62.5
1998-11-10,56.875
1998-11-11,60.3125
1998-11-12,55.3125
1998-11-13,55.3125
1998-11-16,54.84375
1998-11-17,56.25
1998-11-18,57.5
1998-11-19,58.125
1998-11-20,59.6875
1998-11-23,65.0
1998-11-24,66.875
1998-11-25,69.0625
1998-11-27,72.96875
1998-11-30,67.65625
1998-12-01,63.59375
1998-12-02,62.5
1998-12-03,57.96875
1998-12-04,60.0
1998-12-07,64.0625
1998-12-08,66.5625
1998-12-09,68.59375
1998-12-10,68.125
1998-12-11,67.03125
1998-12-14,65.625
1998-12-15,67.5
1998-12-16,66.25
1998-12-17,67.34375
1998-12-18,69.84375
1998-12-21,80.3125
1998-12-22,96.09375
1998-12-23,111.875
1998-12-24,112.5
1998-12-28,141.875
1998-12-29,150.3125
1998-12-30,127.03125
1998-12-31,116.953125
1999-01-04,138.59375
1999-01-05,135.15625
1999-01-06,135.78125
1999-01-07,160.15625
1999-01-08,169.0625
1999-01-11,221.25
1999-01-12,252.34375
1999-01-13,232.1875
1999-01-14,214.375
1999-01-15,215.0
1999-01-19,225.46875
1999-01-20,216.25
1999-01-21,193.4375
1999-01-22,195.9375
1999-01-25,199.375
1999-01-26,200.3125
1999-01-27,208.90625
1999-01-28,248.75
1999-01-29,275.9375
1999-02-01,312.1875
1999-02-02,291.25
1999-02-03,276.25
1999-02-04,267.5
1999-02-05,244.6875
1999-02-08,228.75
1999-02-09,200.9375
1999-02-10,213.75
1999-02-11,241.25
1999-02-12,230.0
1999-02-16,228.4375
1999-02-17,210.0
1999-02-18,195.9375
1999-02-19,200.625
1999-02-22,242.8125
1999-02-23,233.75
1999-02-24,236.875
1999-02-25,233.125
1999-02-26,230.0
1999-03-01,242.8125
1999-03-02,238.4375
1999-03-03,235.9375
1999-03-04,234.375
1999-03-05,228.75
1999-03-08,231.25
1999-03-09,247.8125
1999-03-10,270.625
1999-03-11,266.875
1999-03-12,254.0625
1999-03-15,270.625
1999-03-16,284.375
1999-03-17,277.5
1999-03-18,293.4375
1999-03-19,302.5
1999-03-22,299.375
1999-03-23,281.25
1999-03-24,264.6875
1999-03-25,282.5
1999-03-26,289.375
1999-03-29,299.6875
1999-03-30,290.3125
1999-03-31,291.5625
1999-04-01,304.375
1999-04-05,363.125
1999-04-06,380.0
1999-04-07,422.5
1999-04-08,464.375
1999-04-09,450.625
1999-04-12,480.0
1999-04-13,627.5
1999-04-14,564.375
1999-04-15,507.1875
1999-04-16,462.8125
1999-04-19,369.0625
1999-04-20,449.0625
1999-04-21,492.5
1999-04-22,480.0
1999-04-23,520.3125
1999-04-26,600.0
1999-04-27,597.1875
1999-04-28,530.9375
1999-04-29,580.0
1999-04-30,577.5
1999-05-03,557.5
1999-05-04,515.0
1999-05-05,560.0
1999-05-06,525.3125
1999-05-07,551.875
1999-05-10,599.0625
1999-05-11,575.0
1999-05-12,561.25
1999-05-13,558.4375
1999-05-14,534.0625
1999-05-17,549.375
1999-05-18,555.15625
1999-05-19,572.8125
1999-05-20,541.875
1999-05-21,530.625
1999-05-24,500.0
1999-05-25,450.625
1999-05-26,447.5
1999-05-27,420.0
1999-05-28,445.0
1999-06-01,393.125
1999-06-02,382.5
1999-06-03,373.75
1999-06-04,376.875
1999-06-07,418.75
1999-06-08,407.5
1999-06-09,405.0
1999-06-10,395.0
1999-06-11,377.5
1999-06-14,320.0
1999-06-15,320.0
1999-06-16,356.25
1999-06-17,347.5
1999-06-18,350.0
1999-06-21,406.875
1999-06-22,393.125
1999-06-23,386.875
1999-06-24,381.875
1999-06-25,364.375
1999-06-28,378.75
1999-06-29,391.875
1999-06-30,399.375
1999-07-01,396.875
1999-07-02,399.375
1999-07-06,410.625
1999-07-07,409.375
1999-07-08,411.875
1999-07-09,397.5
1999-07-12,383.125
1999-07-13,378.75
1999-07-14,377.5
1999-07-15,390.0
1999-07-16,375.0
1999-07-19,346.875
1999-07-20,330.625
1999-07-21,338.75
1999-07-22,317.5
1999-07-23,320.0
1999-07-26,302.5
1999-07-27,313.125
1999-07-28,339.6875
1999-07-29,320.0
1999-07-30,301.25
1999-08-02,290.0
1999-08-03,246.875
1999-08-04,237.5
1999-08-05,273.75
1999-08-06,257.5
1999-08-09,239.375
1999-08-10,225.0
1999-08-11,234.375
1999-08-12,243.75
1999-08-13,261.25
1999-08-16,268.75
1999-08-17,302.5
1999-08-18,280.625
1999-08-19,254.375
1999-08-20,265.625
1999-08-23,271.875
1999-08-24,265.0
1999-08-25,279.375
1999-08-26,277.5
1999-08-27,259.375
1999-08-30,236.25
1999-08-31,250.0
1999-09-01,241.875
1999-09-02,241.25
1999-09-03,250.0
1999-09-07,250.625
1999-09-08,240.625
1999-09-09,235.3125
1999-09-10,246.25
1999-09-13,248.125
1999-09-14,240.3125
1999-09-15,235.625
1999-09-16,229.375
1999-09-17,224.375
1999-09-20,229.375
1999-09-21,224.375
1999-09-22,230.625
1999-09-23,225.625
1999-09-24,224.375
1999-09-27,223.75
1999-09-28,222.5
1999-09-29,250.0
1999-09-30,235.0
1999-10-01,232.1875
1999-10-04,232.5
1999-10-05,249.375
1999-10-06,263.125
1999-10-07,278.4375
1999-10-08,268.75
1999-10-11,259.375
1999-10-12,254.0625
1999-10-13,256.25
1999-10-14,265.0
1999-10-15,250.625
1999-10-18,233.125
1999-10-19,229.375
1999-10-20,230.625
1999-10-21,226.875
1999-10-22,231.875
1999-10-25,227.5
1999-10-26,222.5
1999-10-27,221.875
1999-10-28,244.375
1999-10-29,238.125
1999-11-01,257.5
1999-11-02,253.75
1999-11-03,261.875
1999-11-04,313.75
1999-11-05,307.5
1999-11-08,320.0
1999-11-09,323.125
1999-11-10,313.125
1999-11-11,309.375
1999-11-12,367.5
1999-11-15,381.25
1999-11-16,391.875
1999-11-17,349.375
1999-11-18,360.0
1999-11-19,356.875
1999-11-22,344.375
1999-11-23,320.0
1999-11-24,313.75
1999-11-26,319.375
1999-11-29,308.75
1999-11-30,300.625
1999-12-01,306.25
1999-12-02,310.625
1999-12-03,311.25
1999-12-06,303.125
1999-12-07,320.625
1999-12-08,306.25
1999-12-09,338.125
1999-12-10,355.625
1999-12-13,343.75
1999-12-14,313.75
1999-12-15,300.625
1999-12-16,303.125
1999-12-17,300.625
1999-12-20,289.375
1999-12-21,290.625
1999-12-22,274.375
1999-12-23,272.5
1999-12-27,278.125
1999-12-28,257.5
1999-12-29,285.0
1999-12-30,270.0
1999-12-31,261.25
2000-01-03,280.625
2000-01-04,273.125
2000-01-05,261.25
2000-01-06,263.75
2000-01-07,266.875
2000-01-10,280.625
2000-01-11,266.875
2000-01-12,260.625
2000-01-13,280.625
2000-01-14,287.5
2000-01-18,279.375
2000-01-19,261.875
2000-01-20,250.625
2000-01-21,235.625
2000-01-24,233.125
2000-01-25,225.625
2000-01-26,242.8125
2000-01-27,233.75
2000-01-28,226.25
2000-01-31,210.625
2000-02-01,199.375
2000-02-02,202.5
2000-02-03,220.0
2000-02-04,218.125
2000-02-07,227.5
2000-02-08,230.0
2000-02-09,218.75
2000-02-10,220.0
2000-02-11,213.75
2000-02-14,215.0
2000-02-15,224.375
2000-02-16,213.75
2000-02-17,214.375
2000-02-18,205.0
2000-02-22,200.0
2000-02-23,221.25
2000-02-24,216.25
2000-02-25,222.5
2000-02-28,228.75
2000-02-29,246.25
2000-03-01,261.875
2000-03-02,250.0
2000-03-03,255.625
2000-03-06,265.625
2000-03-07,248.75
2000-03-08,246.25
2000-03-09,256.875
2000-03-10,265.0
2000-03-13,257.5
2000-03-14,250.625
2000-03-15,258.75
2000-03-16,261.875
2000-03-17,292.5
2000-03-20,284.375
2000-03-21,276.25
2000-03-22,286.25
2000-03-23,278.75
2000-03-24,320.0
2000-03-27,326.25
2000-03-28,306.875
2000-03-29,295.0
2000-03-30,288.125
2000-03-31,301.25
2000-04-03,274.375
2000-04-04,243.75
2000-04-05,235.0
2000-04-06,243.75
2000-04-07,245.625
2000-04-10,243.75
2000-04-11,234.375
2000-04-12,227.5
2000-04-13,221.25
2000-04-14,191.875
2000-04-17,181.875
2000-04-18,215.0
2000-04-19,205.625
2000-04-20,201.25
2000-04-24,200.625
2000-04-25,208.75
2000-04-26,200.0
2000-04-27,218.75
2000-04-28,215.0
2000-05-01,208.125
2000-05-02,196.25
2000-05-03,193.125
2000-05-04,200.0
2000-05-05,198.125
2000-05-08,209.375
2000-05-09,207.5
2000-05-10,199.375
2000-05-11,193.125
2000-05-12,198.125
2000-05-15,206.25
2000-05-16,205.625
2000-05-17,198.75
2000-05-18,200.625
2000-05-19,193.75
2000-05-22,165.0
2000-05-23,157.5
2000-05-24,139.375
2000-05-25,151.25
2000-05-26,148.75
2000-05-30,159.375
2000-05-31,155.625
2000-06-01,163.75
2000-06-02,183.75
2000-06-05,179.375
2000-06-06,168.75
2000-06-07,192.5
2000-06-08,179.375
2000-06-09,181.875
2000-06-12,175.625
2000-06-13,171.875
2000-06-14,166.25
2000-06-15,171.25
2000-06-16,176.25
2000-06-19,178.75
2000-06-20,182.5
2000-06-21,178.75
2000-06-22,173.125
2000-06-23,170.625
2000-06-26,166.25
2000-06-27,160.0
2000-06-28,170.0
2000-06-29,170.0
2000-06-30,165.0
2000-07-03,165.625
2000-07-05,163.125
2000-07-06,160.0
2000-07-07,158.125
2000-07-10,156.875
2000-07-11,156.875
2000-07-12,165.0
2000-07-13,183.125
2000-07-14,197.5
2000-07-17,191.25
2000-07-18,179.375
2000-07-19,177.5
2000-07-20,179.375
2000-07-21,174.375
2000-07-24,163.28125
2000-07-25,171.25
2000-07-26,161.25
2000-07-27,154.375
2000-07-28,145.625
2000-07-31,150.0
2000-08-01,143.75
2000-08-02,139.375
2000-08-03,150.0
2000-08-04,146.25
2000-08-07,150.625
2000-08-08,143.125
2000-08-09,154.375
2000-08-10,154.375
2000-08-11,153.75
2000-08-14,163.125
2000-08-15,160.0
2000-08-16,156.875
2000-08-17,170.625
2000-08-18,163.75
2000-08-21,171.25
2000-08-22,172.5
2000-08-23,167.5
2000-08-24,169.375
2000-08-25,168.125
2000-08-28,175.0
2000-08-29,178.75
2000-08-30,180.0
2000-08-31,177.5
2000-09-01,178.75
2000-09-05,180.625
2000-09-06,183.75
2000-09-07,190.625
2000-09-08,182.5
2000-09-11,187.5
2000-09-12,185.0
2000-09-13,193.125
2000-09-14,193.75
2000-09-15,195.0
2000-09-18,191.25
2000-09-19,187.5
2000-09-20,188.75
2000-09-21,188.75
2000-09-22,185.625
2000-09-25,181.25
2000-09-26,168.125
2000-09-27,160.0
2000-09-28,166.25
2000-09-29,164.375
2000-10-02,158.75
2000-10-03,158.125
2000-10-04,152.5
2000-10-05,153.75
2000-10-06,144.375
2000-10-09,140.625
2000-10-10,133.75
2000-10-11,130.625
2000-10-12,127.5
2000-10-13,136.875
2000-10-16,131.25
2000-10-17,120.625
2000-10-18,114.375
2000-10-19,145.0
2000-10-20,158.125
2000-10-23,152.5
2000-10-24,145.625
2000-10-25,136.875
2000-10-26,138.75
2000-10-27,136.875
2000-10-30,138.75
2000-10-31,145.625
2000-11-01,143.75
2000-11-02,155.625
2000-11-03,148.125
2000-11-06,146.875
2000-11-07,143.75
2000-11-08,134.375
2000-11-09,134.375
2000-11-10,127.5
2000-11-13,122.5
2000-11-14,128.125
2000-11-15,126.875
2000-11-16,119.375
2000-11-17,116.875
2000-11-20,110.625
2000-11-21,106.875
2000-11-22,101.25
2000-11-24,108.75
2000-11-27,101.25
2000-11-28,101.875
2000-11-29,94.6875
2000-11-30,80.0
2000-12-01,83.125
2000-12-04,89.6875
2000-12-05,101.875
2000-12-06,90.3125
2000-12-07,86.25
2000-12-08,99.6875
2000-12-11,100.0
2000-12-12,93.125
2000-12-13,88.75
2000-12-14,83.75
2000-12-15,84.375
2000-12-18,83.75
2000-12-19,78.4375
2000-12-20,72.5
2000-12-21,67.5
2000-12-22,75.0
2000-12-26,74.375
2000-12-27,73.4375
2000-12-28,74.6875
2000-12-29,73.75
2001-01-02,73.75
2001-01-03,95.0
2001-01-04,107.5
2001-01-05,96.875
2001-01-08,96.875
2001-01-09,97.5
2001-01-10,99.6875
2001-01-11,120.625
2001-01-12,119.375
2001-01-16,122.5
2001-01-17,125.625
2001-01-18,121.875
2001-01-19,125.625
2001-01-22,123.125
2001-01-23,130.625
2001-01-24,139.6875
2001-01-25,139.375
2001-01-26,136.25
2001-01-29,149.375
2001-01-30,145.625
2001-01-31,140.0
2001-02-01,138.75
2001-02-02,123.75
2001-02-05,130.0
2001-02-06,130.0
2001-02-07,124.375
2001-02-08,125.0
2001-02-09,120.9375
2001-02-12,122.5
2001-02-13,125.0
2001-02-14,126.875
2001-02-15,127.099998
2001-02-16,124.5
2001-02-20,113.0
2001-02-21,109.599998
2001-02-22,100.0
2001-02-23,94.199997
2001-02-26,107.5
2001-02-27,99.900002
2001-02-28,90.099998
2001-03-01,92.5
2001-03-02,92.5
2001-03-05,93.5
2001-03-06,99.5
2001-03-07,96.300003
2001-03-08,92.0
2001-03-09,81.699997
2001-03-12,73.599998
2001-03-13,76.5
2001-03-14,74.5
2001-03-15,76.5
2001-03-16,72.5
2001-03-19,80.599998
2001-03-20,74.599998
2001-03-21,68.5
2001-03-22,65.800003
2001-03-23,69.599998
2001-03-26,71.199997
2001-03-27,72.0
2001-03-28,67.300003
2001-03-29,64.5
2001-03-30,69.800003
2001-04-02,61.5
2001-04-03,56.5
2001-04-04,55.599998
2001-04-05,64.5
2001-04-06,60.400002
2001-04-09,62.299999
2001-04-10,75.5
2001-04-11,77.5
2001-04-12,87.699997
2001-04-16,81.5
2001-04-17,81.900002
2001-04-18,89.5
2001-04-19,93.0
2001-04-20,95.5
2001-04-23,85.5
2001-04-24,83.900002
2001-04-25,87.400002
2001-04-26,91.0
2001-04-27,93.800003
2001-04-30,94.0
2001-05-01,91.5
2001-05-02,96.0
2001-05-03,91.699997
2001-05-04,96.0
2001-05-07,93.400002
2001-05-08,91.800003
2001-05-09,91.900002
2001-05-10,91.0
2001-05-11,90.699997
2001-05-14,87.5
2001-05-15,90.0
2001-05-16,92.0
2001-05-17,94.0
2001-05-18,92.0
2001-05-21,102.0
2001-05-22,87.400002
2001-05-23,83.900002
2001-05-24,82.599998
2001-05-25,83.400002
2001-05-29,78.599998
2001-05-30,76.0
2001-05-31,75.0
2001-06-01,77.400002
2001-06-04,78.199997
2001-06-05,80.0
2001-06-06,77.5
2001-06-07,72.800003
2001-06-08,73.0
2001-06-11,70.300003
2001-06-12,71.0
2001-06-13,69.5
2001-06-14,64.900002
2001-06-15,62.599998
2001-06-18,59.900002
2001-06-19,59.5
2001-06-20,64.699997
2001-06-21,64.199997
2001-06-22,65.5
2001-06-25,66.400002
2001-06-26,63.700001
2001-06-27,63.5
2001-06-28,65.599998
2001-06-29,64.5
2001-07-02,64.900002
2001-07-03,64.699997
2001-07-05,61.700001
2001-07-06,60.0
2001-07-09,58.5
2001-07-10,54.5
2001-07-11,52.900002
2001-07-12,58.0
2001-07-13,61.099998
2001-07-16,61.900002
2001-07-17,63.400002
2001-07-18,63.5
2001-07-19,66.199997
2001-07-20,67.5
2001-07-23,64.699997
2001-07-24,60.599998
2001-07-25,61.599998
2001-07-26,61.799999
2001-07-27,67.099998
2001-07-30,64.300003
2001-07-31,64.800003
2001-08-01,63.400002
2001-08-02,65.099998
2001-08-03,65.300003
2001-08-06,63.799999
2001-08-07,63.200001
2001-08-08,62.400002
2001-08-09,61.400002
2001-08-10,61.5
2001-08-13,60.0
2001-08-14,59.799999
2001-08-15,57.599998
2001-08-16,56.400002
2001-08-17,54.5
2001-08-20,55.700001
2001-08-21,58.099998
2001-08-22,61.700001
2001-08-23,59.5
2001-08-24,61.0
2001-08-27,59.5
2001-08-28,58.700001
2001-08-29,59.900002
2001-08-30,65.0
2001-08-31,64.0
2001-09-04,65.0
2001-09-05,65.0
2001-09-06,62.0
2001-09-07,60.700001
2001-09-10,60.0
2001-09-17,53.099998
2001-09-18,53.400002
2001-09-19,50.5
2001-09-20,48.900002
2001-09-21,48.299999
2001-09-24,52.0
2001-09-25,54.700001
2001-09-26,54.5
2001-09-27,54.700001
2001-09-28,60.5
2001-10-01,58.299999
2001-10-02,59.799999
2001-10-03,60.0
2001-10-04,63.0
2001-10-05,59.900002
2001-10-08,59.099998
2001-10-09,63.0
2001-10-10,66.599998
2001-10-11,78.5
2001-10-12,74.199997
2001-10-15,73.5
2001-10-16,74.599998
2001-10-17,74.199997
2001-10-18,72.599998
2001-10-19,74.0
2001-10-22,77.400002
2001-10-23,76.699997
2001-10-24,74.699997
2001-10-25,74.199997
2001-10-26,74.400002
2001-10-29,70.599998
2001-10-30,67.599998
2001-10-31,65.300003
2001-11-01,67.900002
2001-11-02,67.0
2001-11-05,69.400002
2001-11-06,72.0
2001-11-07,81.0
2001-11-08,82.599998
2001-11-09,86.400002
2001-11-12,84.400002
2001-11-13,87.0
2001-11-14,89.0
2001-11-15,85.5
2001-11-16,83.5
2001-11-19,84.5
2001-11-20,80.5
2001-11-21,81.699997
2001-11-23,84.300003
2001-11-26,84.0
2001-11-27,84.0
2001-11-28,80.5
2001-11-29,80.400002
2001-11-30,80.0
2001-12-03,79.5
2001-12-04,82.0
2001-12-05,93.5
2001-12-06,98.0
2001-12-07,104.599998
2001-12-10,100.0
2001-12-11,101.099998
2001-12-12,100.0
2001-12-13,99.099998
2001-12-14,103.400002
2001-12-17,105.0
2001-12-18,105.5
2001-12-19,106.099998
2001-12-20,102.5
2001-12-21,105.0
2001-12-24,103.0
2001-12-26,104.5
2001-12-27,102.5
2001-12-28,104.5
2001-12-31,102.5
2002-01-02,105.0
2002-01-03,111.0
2002-01-04,122.900002
2002-01-07,121.0
2002-01-08,117.300003
2002-01-09,119.699997
2002-01-10,119.099998
2002-01-11,123.099998
2002-01-14,122.0
2002-01-15,117.0
2002-01-16,103.900002
2002-01-17,113.5
2002-01-18,107.300003
2002-01-22,99.5
2002-01-23,99.699997
2002-01-24,103.0
2002-01-25,106.199997
2002-01-28,101.599998
2002-01-29,95.699997
2002-01-30,92.5
2002-01-31,89.699997
2002-02-01,94.699997
2002-02-04,90.900002
2002-02-05,85.0
2002-02-06,85.400002
2002-02-07,89.400002
2002-02-08,90.5
2002-02-11,92.199997
2002-02-12,90.5
2002-02-13,91.5
2002-02-14,90.800003
2002-02-15,86.0
2002-02-19,81.900002
2002-02-20,84.900002
2002-02-21,83.900002
2002-02-22,82.0
2002-02-25,80.0
2002-02-26,78.800003
2002-02-27,80.099998
2002-02-28,81.0
2002-03-01,80.5
2002-03-04,92.5
2002-03-05,95.5
2002-03-06,96.0
2002-03-07,97.0
2002-03-08,100.099998
2002-03-11,100.599998
2002-03-12,98.599998
2002-03-13,96.199997
2002-03-14,98.699997
2002-03-15,97.400002
2002-03-18,98.5
2002-03-19,100.0
2002-03-20,95.599998
2002-03-21,99.099998
2002-03-22,96.800003
2002-03-25,92.699997
2002-03-26,94.800003
2002-03-27,94.300003
2002-03-28,94.199997
2002-04-01,91.800003
2002-04-02,87.5
2002-04-03,86.800003
2002-04-04,88.099998
2002-04-05,89.099998
2002-04-08,92.900002
2002-04-09,89.599998
2002-04-10,90.5
2002-04-11,86.0
2002-04-12,87.900002
2002-04-15,87.5
2002-04-16,91.0
2002-04-17,88.599998
2002-04-18,88.599998
2002-04-19,86.0
2002-04-22,85.5
2002-04-23,82.5
2002-04-24,77.0
2002-04-25,75.199997
2002-04-26,71.0
2002-04-29,72.5
2002-04-30,75.400002
2002-05-01,72.5
2002-05-02,66.300003
2002-05-03,62.0
2002-05-06,54.5
2002-05-07,58.599998
2002-05-08,64.099998
2002-05-09,61.200001
2002-05-10,59.5
2002-05-13,65.300003
2002-05-14,70.5
2002-05-15,68.800003
2002-05-16,67.599998
2002-05-17,68.900002
2002-05-20,65.0
2002-05-21,63.5
2002-05-22,65.0
2002-05-23,67.199997
2002-05-24,66.300003
2002-05-28,68.0
2002-05-29,64.199997
2002-05-30,63.0
2002-05-31,62.0
2002-06-03,60.400002
2002-06-04,60.5
2002-06-05,58.0
2002-06-06,55.099998
2002-06-07,57.0
2002-06-10,54.0
2002-06-11,54.799999
2002-06-12,52.0
2002-06-13,50.400002
2002-06-14,52.400002
2002-06-17,51.799999
2002-06-18,54.5
2002-06-19,53.0
2002-06-20,50.099998
2002-06-21,49.0
2002-06-24,48.700001
2002-06-25,50.400002
2002-06-26,47.5
2002-06-27,53.099998
2002-06-28,54.599998
2002-07-01,50.900002
2002-07-02,49.5
2002-07-03,48.5
2002-07-05,53.599998
2002-07-08,50.0
2002-07-09,49.200001
2002-07-10,48.700001
2002-07-11,50.299999
2002-07-12,50.700001
2002-07-15,47.5
2002-07-16,49.0
2002-07-17,45.799999
2002-07-18,45.299999
2002-07-19,45.0
2002-07-22,42.099998
2002-07-23,39.200001
2002-07-24,38.5
2002-07-25,37.400002
2002-07-26,39.0
2002-07-29,42.5
2002-07-30,40.299999
2002-07-31,39.5
2002-08-01,36.599998
2002-08-02,34.0
2002-08-05,30.0
2002-08-06,31.0
2002-08-07,30.0
2002-08-08,29.5
2002-08-09,34.0
2002-08-12,36.400002
2002-08-13,34.200001
2002-08-14,40.0
2002-08-15,42.299999
2002-08-16,43.700001
2002-08-19,48.599998
2002-08-20,47.799999
2002-08-21,49.5
2002-08-22,50.700001
2002-08-23,48.0
2002-08-26,48.099998
2002-08-27,46.0
2002-08-28,42.200001
2002-08-29,45.400002
2002-08-30,43.400002
2002-09-03,43.0
2002-09-04,47.0
2002-09-05,43.900002
2002-09-06,46.900002
2002-09-09,47.0
2002-09-10,45.900002
2002-09-11,46.599998
2002-09-12,45.0
2002-09-13,48.400002
2002-09-16,47.099998
2002-09-17,46.5
2002-09-18,45.900002
2002-09-19,41.5
2002-09-20,44.200001
2002-09-23,43.5
2002-09-24,42.700001
2002-09-25,46.099998
2002-09-26,45.799999
2002-09-27,44.5
2002-09-30,44.5
2002-10-01,45.0
2002-10-02,44.0
2002-10-03,41.400002
2002-10-04,40.599998
2002-10-07,37.700001
2002-10-08,39.900002
2002-10-09,37.400002
2002-10-10,40.0
2002-10-11,40.599998
2002-10-14,44.5
2002-10-15,47.400002
2002-10-16,44.700001
2002-10-17,48.799999
2002-10-18,48.299999
2002-10-21,47.0
2002-10-22,44.0
2002-10-23,45.5
2002-10-24,44.599998
2002-10-25,47.099998
2002-10-28,46.900002
2002-10-29,45.5
2002-10-30,45.799999
2002-10-31,45.0
2002-11-01,46.700001
2002-11-04,47.700001
2002-11-05,49.5
2002-11-06,51.099998
2002-11-07,47.0
2002-11-08,47.099998
2002-11-11,45.099998
2002-11-12,48.400002
2002-11-13,48.400002
2002-11-14,50.799999
2002-11-15,50.5
2002-11-18,52.5
2002-11-19,50.400002
2002-11-20,52.700001
2002-11-21,57.700001
2002-11-22,58.200001
2002-11-25,57.599998
2002-11-26,55.799999
2002-11-27,57.5
2002-11-29,56.799999
2002-12-02,54.400002
2002-12-03,52.400002
2002-12-04,52.5
2002-12-05,51.0
2002-12-06,50.299999
2002-12-09,46.400002
2002-12-10,46.900002
2002-12-11,45.299999
2002-12-12,49.5
2002-12-13,49.099998
2002-12-16,50.0
2002-12-17,51.799999
2002-12-18,50.5
2002-12-19,50.5
2002-12-20,50.0
2002-12-23,49.799999
2002-12-24,49.0
2002-12-26,48.5
2002-12-27,46.0
2002-12-30,46.900002
2002-12-31,48.599998
2003-01-02,51.0
2003-01-03,50.200001
2003-01-06,51.400002
2003-01-07,51.5
2003-01-08,50.200001
2003-01-09,51.5
2003-01-10,51.900002
2003-01-13,52.799999
2003-01-14,55.400002
2003-01-15,55.099998
2003-01-16,53.5
2003-01-17,51.0
2003-01-21,48.200001
2003-01-22,44.599998
2003-01-23,44.900002
2003-01-24,44.900002
2003-01-27,43.299999
2003-01-28,45.200001
2003-01-29,45.900002
2003-01-30,43.200001
2003-01-31,45.0
2003-02-03,44.0
2003-02-04,42.599998
2003-02-05,43.099998
2003-02-06,42.099998
2003-02-07,39.900002
2003-02-10,40.599998
2003-02-11,39.900002
2003-02-12,38.599998
2003-02-13,37.900002
2003-02-14,38.0
2003-02-18,41.799999
2003-02-19,41.400002
2003-02-20,39.200001
2003-02-21,41.700001
2003-02-24,40.799999
2003-02-25,40.299999
2003-02-26,40.200001
2003-02-27,40.5
2003-02-28,42.0
2003-03-03,40.5
2003-03-04,40.099998
2003-03-05,40.400002
2003-03-06,39.900002
2003-03-07,40.099998
2003-03-10,38.5
2003-03-11,38.099998
2003-03-12,37.799999
2003-03-13,39.099998
2003-03-14,37.0
2003-03-17,39.599998
2003-03-18,42.0
2003-03-19,42.700001
2003-03-20,43.099998
2003-03-21,44.099998
2003-03-24,42.0
2003-03-25,43.0
2003-03-26,43.299999
2003-03-27,42.5
2003-03-28,42.599998
2003-03-31,42.099998
2003-04-01,42.700001
2003-04-02,44.700001
2003-04-03,45.400002
2003-04-04,45.099998
2003-04-07,45.0
2003-04-08,44.0
2003-04-09,43.5
2003-04-10,42.5
2003-04-11,41.700001
2003-04-14,43.5
2003-04-15,44.799999
2003-04-16,46.400002
2003-04-17,45.400002
2003-04-21,45.799999
2003-04-22,47.799999
2003-04-23,50.5
2003-04-24,49.900002
2003-04-25,50.0
2003-04-28,51.799999
2003-04-29,53.799999
2003-04-30,55.0
2003-05-01,54.900002
2003-05-02,58.599998
2003-05-05,60.900002
2003-05-06,62.0
2003-05-07,62.299999
2003-05-08,60.0
2003-05-09,61.0
2003-05-12,62.299999
2003-05-13,62.599998
2003-05-14,64.199997
2003-05-15,68.699997
2003-05-16,68.0
2003-05-19,61.700001
2003-05-20,62.799999
2003-05-21,65.900002
2003-05-22,65.199997
2003-05-23,64.900002
2003-05-27,67.5
2003-05-28,69.300003
2003-05-29,74.099998
2003-05-30,76.5
2003-06-02,77.0
2003-06-03,78.300003
2003-06-04,79.800003
2003-06-05,80.5
2003-06-06,81.199997
2003-06-09,78.5
2003-06-10,82.300003
2003-06-11,87.199997
2003-06-12,90.699997
2003-06-13,91.199997
2003-06-16,91.900002
2003-06-17,94.5
2003-06-18,93.0
2003-06-19,89.800003
2003-06-20,89.0
2003-06-23,83.5
2003-06-24,85.400002
2003-06-25,86.599998
2003-06-26,88.5
2003-06-27,87.199997
2003-06-30,85.0
2003-07-01,86.099998
2003-07-02,87.800003
2003-07-03,92.5
2003-07-07,96.199997
2003-07-08,101.099998
2003-07-09,99.099998
2003-07-10,93.5
2003-07-11,95.0
2003-07-14,102.699997
2003-07-15,101.699997
2003-07-16,97.599998
2003-07-17,92.199997
2003-07-18,95.699997
2003-07-21,93.599998
2003-07-22,95.0
2003-07-23,92.800003
2003-07-24,95.0
2003-07-25,94.900002
2003-07-28,95.599998
2003-07-29,93.699997
2003-07-30,91.699997
2003-07-31,91.599998
2003-08-01,87.400002
2003-08-04,87.0
2003-08-05,83.300003
2003-08-06,86.099998
2003-08-07,85.599998
2003-08-08,85.699997
2003-08-11,86.0
2003-08-12,90.400002
2003-08-13,87.5
2003-08-14,85.400002
2003-08-15,87.800003
2003-08-18,87.5
2003-08-19,89.900002
2003-08-20,90.400002
2003-08-21,92.099998
2003-08-22,90.5
2003-08-25,91.099998
2003-08-26,91.0
2003-08-27,91.599998
2003-08-28,92.400002
2003-08-29,92.300003
2003-09-02,95.099998
2003-09-03,97.099998
2003-09-04,98.699997
2003-09-05,96.300003
2003-09-08,99.199997
2003-09-09,98.300003
2003-09-10,93.5
2003-09-11,96.0
2003-09-12,97.300003
2003-09-15,97.599998
2003-09-16,101.5
2003-09-17,99.5
2003-09-18,101.599998
2003-09-19,101.0
2003-09-22,98.900002
2003-09-23,100.599998
2003-09-24,96.699997
2003-09-25,96.900002
2003-09-26,94.0
2003-09-29,94.599998
2003-09-30,92.599998
2003-10-01,96.900002
2003-10-02,96.099998
2003-10-03,98.5
2003-10-06,102.199997
2003-10-07,102.0
2003-10-08,102.0
2003-10-09,104.900002
2003-10-10,104.400002
2003-10-13,108.300003
2003-10-14,111.800003
2003-10-15,111.300003
2003-10-16,108.400002
2003-10-17,105.900002
2003-10-20,108.800003
2003-10-21,107.5
2003-10-22,104.199997
2003-10-23,101.800003
2003-10-24,102.400002
2003-10-27,103.699997
2003-10-28,104.5
2003-10-29,104.099998
2003-10-30,103.0
2003-10-31,103.0
2003-11-03,105.300003
2003-11-04,105.599998
2003-11-05,105.800003
2003-11-06,105.300003
2003-11-07,107.900002
2003-11-10,106.0
2003-11-11,103.300003
2003-11-12,107.300003
2003-11-13,107.900002
2003-11-14,103.599998
2003-11-17,101.0
2003-11-18,100.0
2003-11-19,101.0
2003-11-20,101.0
2003-11-21,102.400002
2003-11-24,104.800003
2003-11-25,106.300003
2003-11-26,107.800003
2003-11-28,108.300003
2003-12-01,111.599998
2003-12-02,111.199997
2003-12-03,112.099998
2003-12-04,110.099998
2003-12-05,108.5
2003-12-08,110.099998
2003-12-09,106.599998
2003-12-10,104.599998
2003-12-11,107.199997
2003-12-12,110.699997
2003-12-15,108.199997
2003-12-16,111.0
2003-12-17,114.300003
2003-12-18,119.199997
2003-12-19,120.199997
2003-12-22,122.199997
2003-12-23,122.800003
2003-12-24,123.900002
2003-12-26,123.400002
2003-12-29,127.400002
2003-12-30,127.400002
2003-12-31,126.5
2004-01-02,128.100006
2004-01-05,130.199997
2004-01-06,130.0
2004-01-07,133.699997
2004-01-08,132.800003
2004-01-09,132.399994
2004-01-12,134.199997
2004-01-13,137.800003
2004-01-14,143.5
2004-01-15,144.5
2004-01-16,149.5
2004-01-20,151.5
2004-01-21,148.0
2004-01-22,141.100006
2004-01-23,143.199997
2004-01-26,145.600006
2004-01-27,143.199997
2004-01-28,138.0
2004-01-29,139.199997
2004-01-30,139.899994
2004-02-02,138.0
2004-02-03,140.199997
2004-02-04,136.5
2004-02-05,135.5
2004-02-06,141.5
2004-02-09,143.5
2004-02-10,142.300003
2004-02-11,147.699997
2004-02-12,149.899994
2004-02-13,147.300003
2004-02-17,149.600006
2004-02-18,150.5
2004-02-19,146.399994
2004-02-20,143.100006
2004-02-23,138.5
2004-02-24,136.0
2004-02-25,139.899994
2004-02-26,142.199997
2004-02-27,143.100006
2004-03-01,143.699997
2004-03-02,141.800003
2004-03-03,142.600006
2004-03-04,144.100006
2004-03-05,143.0
2004-03-08,138.199997
2004-03-09,133.899994
2004-03-10,127.0
2004-03-11,121.599998
2004-03-12,125.0
2004-03-15,120.699997
2004-03-16,121.5
2004-03-17,128.399994
2004-03-18,129.0
2004-03-19,126.599998
2004-03-22,122.699997
2004-03-23,123.099998
2004-03-24,122.800003
2004-03-25,127.0
2004-03-26,131.0
2004-03-29,134.0
2004-03-30,133.5
2004-03-31,133.5
2004-04-01,133.100006
2004-04-02,133.600006
2004-04-05,132.5
2004-04-06,130.5
2004-04-07,130.699997
2004-04-08,130.899994
2004-04-12,132.0
2004-04-13,126.0
2004-04-14,123.900002
2004-04-15,122.800003
2004-04-16,123.199997
2004-04-19,122.699997
2004-04-20,121.800003
2004-04-21,121.099998
2004-04-22,123.199997
2004-04-23,121.599998
2004-04-26,121.5
2004-04-27,122.199997
2004-04-28,119.199997
2004-04-29,115.599998
2004-04-30,113.599998
2004-05-03,116.900002
2004-05-04,118.5
2004-05-05,117.300003
2004-05-06,114.099998
2004-05-07,111.099998
2004-05-10,109.099998
2004-05-11,111.5
2004-05-12,113.0
2004-05-13,110.800003
2004-05-14,108.0
2004-05-17,106.800003
2004-05-18,107.300003
2004-05-19,110.300003
2004-05-20,110.699997
2004-05-21,109.900002
2004-05-24,112.199997
2004-05-25,113.400002
2004-05-26,113.5
2004-05-27,113.099998
2004-05-28,114.099998
2004-06-01,114.0
2004-06-02,111.5
2004-06-03,110.300003
2004-06-04,113.199997
2004-06-07,115.800003
2004-06-08,114.900002
2004-06-09,110.300003
2004-06-10,110.0
2004-06-14,108.300003
2004-06-15,108.599998
2004-06-16,107.900002
2004-06-17,107.400002
2004-06-18,109.099998
2004-06-21,108.300003
2004-06-22,109.099998
2004-06-23,109.900002
2004-06-24,112.199997
2004-06-25,112.5
2004-06-28,112.0
2004-06-29,110.5
2004-06-30,111.5
2004-07-01,110.0
2004-07-02,110.599998
2004-07-06,109.0
2004-07-07,106.800003
2004-07-08,102.199997
2004-07-09,101.300003
2004-07-12,101.800003
2004-07-13,102.0
2004-07-14,100.800003
2004-07-15,100.199997
2004-07-16,99.900002
2004-07-19,97.300003
2004-07-20,103.0
2004-07-21,107.800003
2004-07-22,109.0
2004-07-23,106.699997
2004-07-26,106.300003
2004-07-27,109.300003
2004-07-28,108.300003
2004-07-29,110.800003
2004-07-30,110.699997
2004-08-02,108.5
2004-08-03,106.199997
2004-08-04,108.400002
2004-08-05,106.699997
2004-08-06,105.0
2004-08-09,103.900002
2004-08-10,109.599998
2004-08-11,107.900002
2004-08-12,106.900002
2004-08-13,108.099998
2004-08-16,113.0
2004-08-17,114.900002
2004-08-18,117.0
2004-08-19,116.199997
2004-08-20,119.0
2004-08-23,118.099998
2004-08-24,117.699997
2004-08-25,121.300003
2004-08-26,121.5
2004-08-27,121.300003
2004-08-30,118.300003
2004-08-31,117.800003
2004-09-01,115.599998
2004-09-02,118.699997
2004-09-03,115.5
2004-09-07,118.199997
2004-09-08,117.900002
2004-09-09,119.099998
2004-09-10,121.400002
2004-09-13,122.300003
2004-09-14,122.699997
2004-09-15,119.800003
2004-09-16,120.699997
2004-09-17,118.900002
2004-09-20,117.0
2004-09-21,119.0
2004-09-22,115.400002
2004-09-23,115.199997
2004-09-24,113.699997
2004-09-27,110.800003
2004-09-28,111.199997
2004-09-29,112.5
2004-09-30,114.199997
2004-10-01,117.199997
2004-10-04,117.300003
2004-10-05,117.099998
2004-10-06,117.0
2004-10-07,114.699997
2004-10-08,112.699997
2004-10-11,114.800003
2004-10-12,116.300003
2004-10-13,117.300003
2004-10-14,114.699997
2004-10-15,116.199997
2004-10-18,116.400002
2004-10-19,119.599998
2004-10-20,118.300003
2004-10-21,121.199997
2004-10-22,120.199997
2004-10-25,119.099998
2004-10-26,120.5
2004-10-27,130.0
2004-10-28,130.199997
2004-10-29,129.0
2004-11-01,131.199997
2004-11-02,132.800003
2004-11-03,133.199997
2004-11-04,134.399994
2004-11-05,131.899994
2004-11-08,127.699997
2004-11-09,130.399994
2004-11-10,131.5
2004-11-11,136.300003
2004-11-12,141.0
2004-11-15,141.899994
2004-11-16,141.300003
2004-11-17,143.5
2004-11-18,142.600006
2004-11-19,139.5
2004-11-22,140.100006
2004-11-23,140.600006
2004-11-24,143.899994
2004-11-26,145.0
2004-11-29,142.100006
2004-11-30,138.600006
2004-12-01,146.300003
2004-12-02,146.300003
2004-12-03,144.699997
2004-12-06,146.600006
2004-12-07,147.199997
2004-12-08,148.0
2004-12-09,148.899994
2004-12-10,148.0
2004-12-13,148.0
2004-12-14,149.5
2004-12-15,149.699997
2004-12-16,146.800003
2004-12-17,146.699997
2004-12-20,145.100006
2004-12-21,147.0
2004-12-22,150.0
2004-12-23,148.800003
2004-12-27,148.800003
2004-12-28,150.0
2004-12-29,149.399994
2004-12-30,149.800003
2004-12-31,149.5
2005-01-03,147.0
2005-01-04,141.0
2005-01-05,138.5
2005-01-06,138.800003
2005-01-07,136.5
2005-01-10,136.899994
2005-01-11,132.800003
2005-01-12,133.199997
2005-01-13,132.399994
2005-01-14,132.199997
2005-01-18,135.699997
2005-01-19,131.800003
2005-01-20,130.399994
2005-01-21,131.0
2005-01-24,129.199997
2005-01-25,133.899994
2005-01-26,129.5
2005-01-27,134.699997
2005-01-28,135.5
2005-01-31,137.5
2005-02-01,135.899994
2005-02-02,135.199997
2005-02-03,133.899994
2005-02-04,130.0
2005-02-07,132.0
2005-02-08,135.399994
2005-02-09,133.899994
2005-02-10,130.5
2005-02-11,133.899994
2005-02-14,133.100006
2005-02-15,131.800003
2005-02-16,133.5
2005-02-17,132.699997
2005-02-18,131.199997
2005-02-22,129.5
2005-02-23,128.5
2005-02-24,129.800003
2005-02-25,134.600006
2005-02-28,132.699997
2005-03-01,135.5
2005-03-02,136.5
2005-03-03,133.199997
2005-03-04,136.100006
2005-03-07,136.800003
2005-03-08,135.100006
2005-03-09,130.800003
2005-03-10,131.199997
2005-03-11,128.699997
2005-03-14,128.800003
2005-03-15,127.5
2005-03-16,125.5
2005-03-17,125.900002
2005-03-18,123.5
2005-03-21,122.400002
2005-03-22,120.800003
2005-03-23,120.099998
2005-03-24,119.800003
2005-03-28,121.699997
2005-03-29,117.400002
2005-03-30,119.900002
2005-03-31,120.0
2005-04-01,118.0
2005-04-04,118.699997
2005-04-05,120.199997
2005-04-06,118.699997
2005-04-07,119.5
2005-04-08,118.0
2005-04-11,116.300003
2005-04-12,117.5
2005-04-13,115.800003
2005-04-14,111.800003
2005-04-15,110.199997
2005-04-18,110.0
2005-04-19,111.0
2005-04-20,108.199997
2005-04-21,109.199997
2005-04-22,110.300003
2005-04-25,112.900002
2005-04-26,112.599998
2005-04-27,113.699997
2005-04-28,110.900002
2005-04-29,111.099998
2005-05-02,108.599998
2005-05-03,108.5
2005-05-04,111.599998
2005-05-05,110.0
2005-05-06,119.300003
2005-05-09,126.199997
2005-05-10,123.099998
2005-05-11,123.800003
2005-05-12,120.400002
2005-05-13,121.0
2005-05-16,120.099998
2005-05-17,121.0
2005-05-18,125.0
2005-05-19,124.800003
2005-05-20,122.699997
2005-05-23,122.900002
2005-05-24,121.199997
2005-05-25,120.5
2005-05-26,122.099998
2005-05-27,121.0
2005-05-31,123.5
2005-06-01,124.800003
2005-06-02,125.699997
2005-06-03,124.0
2005-06-06,126.5
2005-06-07,126.099998
2005-06-08,131.5
2005-06-09,134.100006
2005-06-10,131.199997
2005-06-13,131.300003
2005-06-14,130.899994
2005-06-15,130.800003
2005-06-16,131.899994
2005-06-17,131.300003
2005-06-20,130.0
2005-06-21,129.100006
2005-06-22,137.5
2005-06-23,141.0
2005-06-24,136.300003
2005-06-27,134.300003
2005-06-28,140.300003
2005-06-29,140.399994
2005-06-30,139.899994
2005-07-01,140.899994
2005-07-05,141.199997
2005-07-06,144.5
2005-07-07,151.800003
2005-07-08,150.5
2005-07-11,151.899994
2005-07-12,152.5
2005-07-13,151.300003
2005-07-14,151.5
2005-07-15,149.300003
2005-07-18,150.0
2005-07-19,152.399994
2005-07-20,152.199997
2005-07-21,154.199997
2005-07-22,156.699997
2005-07-25,154.0
2005-07-26,153.399994
2005-07-27,156.0
2005-07-28,159.199997
2005-07-29,155.100006
2005-08-01,157.800003
2005-08-02,157.199997
2005-08-03,157.300003
2005-08-04,151.699997
2005-08-05,148.600006
2005-08-08,161.0
2005-08-09,163.5
2005-08-10,164.5
2005-08-11,162.699997
2005-08-12,163.300003
2005-08-15,163.399994
2005-08-16,163.5
2005-08-17,164.600006
2005-08-18,164.600006
2005-08-19,165.0
2005-08-22,165.699997
2005-08-23,169.0
2005-08-24,166.699997
2005-08-25,163.699997
2005-08-26,160.800003
2005-08-29,159.699997
2005-08-30,160.199997
2005-08-31,160.0
2005-09-01,164.399994
2005-09-02,163.399994
2005-09-06,167.300003
2005-09-07,169.600006
2005-09-08,170.699997
2005-09-09,172.399994
2005-09-12,174.0
2005-09-13,173.399994
2005-09-14,166.0
2005-09-15,166.399994
2005-09-16,169.300003
2005-09-19,167.100006
2005-09-20,167.399994
2005-09-21,164.0
2005-09-22,164.300003
2005-09-23,164.0
2005-09-26,164.5
2005-09-27,163.100006
2005-09-28,163.300003
2005-09-29,172.199997
2005-09-30,176.0
2005-10-03,176.0
2005-10-04,172.399994
2005-10-05,173.0
2005-10-06,169.199997
2005-10-07,172.600006
2005-10-10,171.600006
2005-10-11,167.699997
2005-10-12,162.699997
2005-10-13,159.399994
2005-10-14,162.800003
2005-10-17,163.5
2005-10-18,165.0
2005-10-19,170.5
2005-10-20,173.0
2005-10-21,178.800003
2005-10-24,184.899994
2005-10-25,181.699997
2005-10-26,185.800003
2005-10-27,180.0
2005-10-28,180.699997
2005-10-31,185.5
2005-11-01,189.300003
2005-11-02,190.600006
2005-11-03,189.199997
2005-11-04,186.0
2005-11-07,187.100006
2005-11-08,184.5
2005-11-09,189.0
2005-11-10,194.100006
2005-11-11,193.300003
2005-11-14,192.699997
2005-11-15,189.699997
2005-11-16,181.800003
2005-11-17,191.399994
2005-11-18,191.800003
2005-11-21,195.800003
2005-11-22,195.300003
2005-11-23,193.800003
2005-11-25,194.699997
2005-11-28,191.600006
2005-11-29,192.699997
2005-11-30,195.199997
2005-12-01,198.5
2005-12-02,200.199997
2005-12-05,201.100006
2005-12-06,202.0
2005-12-07,199.699997
2005-12-08,201.5
2005-12-09,201.5
2005-12-12,199.699997
2005-12-13,201.199997
2005-12-14,204.699997
2005-12-15,211.80000299999998
2005-12-16,212.19999700000002
2005-12-19,210.5
2005-12-20,211.30000299999998
2005-12-21,211.30000299999998
2005-12-22,214.80000299999998
2005-12-23,215.5
2005-12-27,211.80000299999998
2005-12-28,211.30000299999998
2005-12-29,213.0
2005-12-30,208.600006
2006-01-03,209.399994
2006-01-04,216.399994
2006-01-05,217.30000299999998
2006-01-06,223.0
2006-01-09,221.0
2006-01-10,221.69999700000002
2006-01-11,223.80000299999998
2006-01-12,223.19999700000002
2006-01-13,223.5
2006-01-17,221.5
2006-01-18,218.399994
2006-01-19,221.69999700000002
2006-01-20,215.0
2006-01-23,221.19999700000002
2006-01-24,222.19999700000002
2006-01-25,220.100006
2006-01-26,229.69999700000002
2006-01-27,233.5
2006-01-30,235.19999700000002
2006-01-31,237.899994
2006-02-01,234.69999700000002
2006-02-02,231.100006
2006-02-03,230.899994
2006-02-06,229.5
2006-02-07,226.0
2006-02-08,234.30000299999998
2006-02-09,231.19999700000002
2006-02-10,234.100006
2006-02-13,233.19999700000002
2006-02-14,235.0
2006-02-15,236.399994
2006-02-16,241.0
2006-02-17,242.30000299999998
2006-02-21,244.19999700000002
2006-02-22,248.30000299999998
2006-02-23,244.69999700000002
2006-02-24,250.0
2006-02-27,254.69999700000002
2006-02-28,255.80000299999998
2006-03-01,255.100006
2006-03-02,257.0
2006-03-03,256.200012
2006-03-06,252.5
2006-03-07,247.19999700000002
2006-03-08,243.399994
2006-03-09,239.899994
2006-03-10,243.399994
2006-03-13,245.100006
2006-03-14,250.30000299999998
2006-03-15,254.0
2006-03-16,256.899994
2006-03-17,263.299988
2006-03-20,264.100006
2006-03-21,257.100006
2006-03-22,260.0
2006-03-23,257.600006
2006-03-24,258.5
2006-03-27,257.399994
2006-03-28,255.69999700000002
2006-03-29,268.0
2006-03-30,267.5
2006-03-31,269.799988
2006-04-03,266.299988
2006-04-04,272.5
2006-04-05,268.399994
2006-04-06,268.5
2006-04-07,269.399994
2006-04-10,266.100006
2006-04-11,260.700012
2006-04-12,257.5
2006-04-13,263.200012
2006-04-17,257.0
2006-04-18,259.200012
2006-04-19,268.600006
2006-04-20,271.5
2006-04-21,275.700012
2006-04-24,265.700012
2006-04-25,261.0
2006-04-26,258.299988
2006-04-27,255.19999700000002
2006-04-28,248.80000299999998
2006-05-01,243.80000299999998
2006-05-02,246.69999700000002
2006-05-03,249.30000299999998
2006-05-04,254.899994
2006-05-05,261.100006
2006-05-08,264.5
2006-05-09,263.799988
2006-05-10,262.700012
2006-05-11,257.299988
2006-05-12,249.0
2006-05-15,246.80000299999998
2006-05-16,249.80000299999998
2006-05-17,240.5
2006-05-18,240.0
2006-05-19,244.0
2006-05-22,234.30000299999998
2006-05-23,232.80000299999998
2006-05-24,228.19999700000002
2006-05-25,239.19999700000002
2006-05-26,243.5
2006-05-30,234.30000299999998
2006-05-31,242.69999700000002
2006-06-01,243.399994
2006-06-02,244.5
2006-06-05,233.69999700000002
2006-06-06,229.19999700000002
2006-06-07,227.0
2006-06-08,226.600006
2006-06-09,227.600006
2006-06-12,219.0
2006-06-13,206.199997
2006-06-14,193.800003
2006-06-15,215.69999700000002
2006-06-16,212.0
2006-06-19,207.300003
2006-06-20,211.399994
2006-06-21,220.30000299999998
2006-06-22,218.80000299999998
2006-06-23,221.69999700000002
2006-06-26,222.69999700000002
2006-06-27,211.19999700000002
2006-06-28,213.0
2006-06-29,226.19999700000002
2006-06-30,228.19999700000002
2006-07-03,234.5
2006-07-05,230.399994
2006-07-06,229.399994
2006-07-07,222.600006
2006-07-10,218.5
2006-07-11,219.399994
2006-07-12,211.399994
2006-07-13,203.0
2006-07-14,205.300003
2006-07-17,204.100006
2006-07-18,208.399994
2006-07-19,224.100006
2006-07-20,224.0
2006-07-21,219.5
2006-07-24,229.5
2006-07-25,230.399994
2006-07-26,225.399994
2006-07-27,227.5
2006-07-28,232.5
2006-07-31,233.100006
2006-08-01,224.399994
2006-08-02,228.399994
2006-08-03,229.30000299999998
2006-08-04,235.80000299999998
2006-08-07,234.19999700000002
2006-08-08,232.600006
2006-08-09,223.5
2006-08-10,226.80000299999998
2006-08-11,223.600006
2006-08-14,222.899994
2006-08-15,230.80000299999998
2006-08-16,235.19999700000002
2006-08-17,242.899994
2006-08-18,239.100006
2006-08-21,232.80000299999998
2006-08-22,237.0
2006-08-23,237.19999700000002
2006-08-24,232.399994
2006-08-25,229.899994
2006-08-28,231.5
2006-08-29,230.80000299999998
2006-08-30,233.69999700000002
2006-08-31,235.899994
2006-09-01,237.399994
2006-09-05,236.399994
2006-09-06,230.399994
2006-09-07,225.30000299999998
2006-09-08,226.100006
2006-09-11,224.80000299999998
2006-09-12,229.899994
2006-09-13,235.80000299999998
2006-09-14,239.5
2006-09-15,243.30000299999998
2006-09-18,245.899994
2006-09-19,244.30000299999998
2006-09-20,246.19999700000002
2006-09-21,244.0
2006-09-22,242.0
2006-09-25,245.0
2006-09-26,245.399994
2006-09-27,238.399994
2006-09-28,238.19999700000002
2006-09-29,239.19999700000002
2006-10-02,238.19999700000002
2006-10-03,242.5
2006-10-04,249.69999700000002
2006-10-05,249.100006
2006-10-06,246.899994
2006-10-09,247.30000299999998
2006-10-10,244.600006
2006-10-11,223.100006
2006-10-12,230.600006
2006-10-13,228.600006
2006-10-16,230.0
2006-10-17,230.69999700000002
2006-10-18,228.0
2006-10-19,210.0
2006-10-20,218.5
2006-10-23,227.80000299999998
2006-10-24,228.30000299999998
2006-10-25,226.5
2006-10-26,233.399994
2006-10-27,238.30000299999998
2006-10-30,235.0
2006-10-31,232.80000299999998
2006-11-01,228.399994
2006-11-02,229.30000299999998
2006-11-03,227.100006
2006-11-06,232.69999700000002
2006-11-07,236.30000299999998
2006-11-08,239.399994
2006-11-09,235.399994
2006-11-10,234.19999700000002
2006-11-13,239.30000299999998
2006-11-14,240.19999700000002
2006-11-15,241.0
2006-11-16,239.600006
2006-11-17,238.5
2006-11-20,248.5
2006-11-21,253.0
2006-11-22,254.80000299999998
2006-11-24,253.30000299999998
2006-11-27,241.0
2006-11-28,238.5
2006-11-29,237.5
2006-11-30,240.69999700000002
2006-12-01,232.30000299999998
2006-12-04,234.80000299999998
2006-12-05,230.80000299999998
2006-12-06,230.0
2006-12-07,227.30000299999998
2006-12-08,230.5
2006-12-11,230.30000299999998
2006-12-12,224.600006
2006-12-13,224.100006
2006-12-14,227.600006
2006-12-15,231.899994
2006-12-18,229.80000299999998
2006-12-19,228.69999700000002
2006-12-20,231.899994
2006-12-21,230.100006
2006-12-22,226.100006
2006-12-26,226.30000299999998
2006-12-27,227.0
2006-12-28,226.19999700000002
2006-12-29,224.19999700000002
2007-01-03,229.100006
2007-01-04,232.899994
2007-01-05,230.899994
2007-01-08,235.100006
2007-01-09,233.19999700000002
2007-01-10,235.899994
2007-01-11,241.100006
2007-01-12,250.19999700000002
2007-01-16,254.5
2007-01-17,250.19999700000002
2007-01-18,247.100006
2007-01-19,240.80000299999998
2007-01-22,242.0
2007-01-23,238.80000299999998
2007-01-24,246.69999700000002
2007-01-25,239.69999700000002
2007-01-26,238.80000299999998
2007-01-29,238.0
2007-01-30,238.399994
2007-01-31,243.80000299999998
2007-02-01,243.30000299999998
2007-02-02,242.399994
2007-02-05,244.0
2007-02-06,243.30000299999998
2007-02-07,245.5
2007-02-08,246.0
2007-02-09,241.0
2007-02-12,236.80000299999998
2007-02-13,233.19999700000002
2007-02-14,238.69999700000002
2007-02-15,241.5
2007-02-16,242.0
2007-02-20,244.0
2007-02-21,242.69999700000002
2007-02-22,242.899994
2007-02-23,240.5
2007-02-26,240.80000299999998
2007-02-27,230.0
2007-02-28,230.899994
2007-03-01,229.600006
2007-03-02,226.80000299999998
2007-03-05,220.5
2007-03-06,224.30000299999998
2007-03-07,224.600006
2007-03-08,224.5
2007-03-09,227.19999700000002
2007-03-12,228.0
2007-03-13,218.80000299999998
2007-03-14,219.399994
2007-03-15,217.69999700000002
2007-03-16,216.80000299999998
2007-03-19,218.899994
2007-03-20,219.30000299999998
2007-03-21,225.399994
2007-03-22,223.399994
2007-03-23,225.600006
2007-03-26,226.80000299999998
2007-03-27,225.69999700000002
2007-03-28,218.69999700000002
2007-03-29,211.80000299999998
2007-03-30,212.19999700000002
2007-04-02,213.5
2007-04-03,217.5
2007-04-04,217.69999700000002
2007-04-05,216.0
2007-04-09,214.399994
2007-04-10,216.899994
2007-04-11,215.0
2007-04-12,219.5
2007-04-13,217.30000299999998
2007-04-16,223.600006
2007-04-17,219.69999700000002
2007-04-18,221.30000299999998
2007-04-19,210.899994
2007-04-20,216.19999700000002
2007-04-23,220.399994
2007-04-24,215.100006
2007-04-25,218.0
2007-04-26,219.30000299999998
2007-04-27,220.100006
2007-04-30,220.80000299999998
2007-05-01,224.600006
2007-05-02,229.399994
2007-05-03,225.0
2007-05-04,229.100006
2007-05-07,224.30000299999998
2007-05-08,219.5
2007-05-09,230.19999700000002
2007-05-10,233.69999700000002
2007-05-11,232.5
2007-05-14,230.80000299999998
2007-05-15,223.399994
2007-05-16,225.69999700000002
2007-05-17,226.899994
2007-05-18,227.80000299999998
2007-05-21,227.69999700000002
2007-05-22,230.0
2007-05-23,232.5
2007-05-24,226.30000299999998
2007-05-25,226.0
2007-05-29,227.399994
2007-05-30,233.600006
2007-05-31,239.5
2007-06-01,240.600006
2007-06-04,240.0
2007-06-05,238.69999700000002
2007-06-06,256.0
2007-06-07,241.80000299999998
2007-06-08,252.100006
2007-06-11,246.899994
2007-06-12,244.100006
2007-06-13,244.80000299999998
2007-06-14,245.30000299999998
2007-06-15,241.80000299999998
2007-06-18,239.80000299999998
2007-06-19,239.100006
2007-06-20,235.600006
2007-06-21,234.399994
2007-06-22,230.899994
2007-06-25,227.19999700000002
2007-06-26,222.5
2007-06-27,222.80000299999998
2007-06-28,222.80000299999998
2007-06-29,220.899994
2007-07-02,222.30000299999998
2007-07-03,227.399994
2007-07-05,226.80000299999998
2007-07-06,229.30000299999998
2007-07-09,232.69999700000002
2007-07-10,226.5
2007-07-11,227.5
2007-07-12,231.399994
2007-07-13,230.899994
2007-07-16,229.899994
2007-07-17,235.100006
2007-07-18,232.0
2007-07-19,228.899994
2007-07-20,223.19999700000002
2007-07-23,224.100006
2007-07-24,208.899994
2007-07-25,204.600006
2007-07-26,190.5
2007-07-27,191.600006
2007-07-30,189.699997
2007-07-31,185.199997
2007-08-01,175.0
2007-08-02,171.600006
2007-08-03,159.5
2007-08-06,161.899994
2007-08-07,166.100006
2007-08-08,171.600006
2007-08-09,166.5
2007-08-10,170.100006
2007-08-13,160.899994
2007-08-14,150.0
2007-08-15,139.100006
2007-08-16,135.5
2007-08-17,145.0
2007-08-20,146.399994
2007-08-21,155.699997
2007-08-22,152.5
2007-08-23,153.399994
2007-08-24,152.399994
2007-08-27,149.899994
2007-08-28,143.399994
2007-08-29,145.5
2007-08-30,147.699997
2007-08-31,155.800003
2007-09-04,160.600006
2007-09-05,155.5
2007-09-06,151.699997
2007-09-07,146.800003
2007-09-10,143.199997
2007-09-11,143.100006
2007-09-12,139.100006
2007-09-13,144.199997
2007-09-14,143.899994
2007-09-17,142.100006
2007-09-18,140.0
2007-09-19,141.5
2007-09-20,137.600006
2007-09-21,135.300003
2007-09-24,125.400002
2007-09-25,118.900002
2007-09-26,123.300003
2007-09-27,127.199997
2007-09-28,130.5
2007-10-01,132.699997
2007-10-02,133.5
2007-10-03,135.800003
2007-10-04,131.100006
2007-10-05,133.5
2007-10-08,133.5
2007-10-09,139.800003
2007-10-10,139.199997
2007-10-11,137.5
2007-10-12,136.300003
2007-10-15,130.600006
2007-10-16,127.0
2007-10-17,124.699997
2007-10-18,114.699997
2007-10-19,107.099998
2007-10-22,109.300003
2007-10-23,110.900002
2007-10-24,105.0
2007-10-25,101.599998
2007-10-26,107.0
2007-10-29,111.400002
2007-10-30,107.900002
2007-10-31,111.400002
2007-11-01,102.699997
2007-11-02,94.599998
2007-11-05,91.699997
2007-11-06,94.300003
2007-11-07,88.699997
2007-11-08,86.0
2007-11-09,85.900002
2007-11-12,35.5
2007-11-13,50.0
2007-11-14,55.400002
2007-11-15,54.599998
2007-11-16,54.400002
2007-11-19,47.099998
2007-11-20,38.0
2007-11-21,42.599998
2007-11-23,53.299999
2007-11-26,46.0
2007-11-27,49.099998
2007-11-28,52.799999
2007-11-29,48.200001
2007-11-30,46.0
2007-12-03,41.099998
2007-12-04,39.400002
2007-12-05,37.900002
2007-12-06,41.200001
2007-12-07,41.299999
2007-12-10,43.400002
2007-12-11,40.400002
2007-12-12,40.400002
2007-12-13,39.900002
2007-12-14,38.700001
2007-12-17,38.200001
2007-12-18,36.5
2007-12-19,35.799999
2007-12-20,33.700001
2007-12-21,36.0
2007-12-24,36.299999
2007-12-26,36.700001
2007-12-27,37.200001
2007-12-28,35.400002
2007-12-31,35.5
2008-01-02,34.299999
2008-01-03,33.799999
2008-01-04,32.299999
2008-01-07,28.299999
2008-01-08,22.5
2008-01-09,24.0
2008-01-10,29.299999
2008-01-11,30.799999
2008-01-14,32.400002
2008-01-15,29.200001
2008-01-16,31.299999
2008-01-17,29.4
2008-01-18,28.4
2008-01-22,29.9
2008-01-23,34.599998
2008-01-24,34.799999
2008-01-25,37.599998
2008-01-28,39.0
2008-01-29,41.400002
2008-01-30,45.599998
2008-01-31,49.700001
2008-02-01,49.700001
2008-02-04,47.5
2008-02-05,44.900002
2008-02-06,46.0
2008-02-07,48.200001
2008-02-08,51.700001
2008-02-11,49.700001
2008-02-12,49.799999
2008-02-13,51.200001
2008-02-14,50.200001
2008-02-15,51.299999
2008-02-19,50.099998
2008-02-20,49.099998
2008-02-21,48.099998
2008-02-22,47.900002
2008-02-25,49.200001
2008-02-26,49.099998
2008-02-27,49.099998
2008-02-28,47.0
2008-02-29,42.700001
2008-03-03,43.400002
2008-03-04,39.900002
2008-03-05,40.200001
2008-03-06,37.700001
2008-03-07,37.400002
2008-03-10,35.799999
2008-03-11,38.400002
2008-03-12,37.700001
2008-03-13,38.599998
2008-03-14,36.299999
2008-03-17,32.900002
2008-03-18,36.099998
2008-03-19,34.5
2008-03-20,37.200001
2008-03-24,41.099998
2008-03-25,42.0
2008-03-26,39.900002
2008-03-27,38.099998
2008-03-28,37.400002
2008-03-31,38.599998
2008-04-01,42.0
2008-04-02,42.400002
2008-04-03,42.900002
2008-04-04,42.5
2008-04-07,43.0
2008-04-08,42.400002
2008-04-09,42.099998
2008-04-10,39.099998
2008-04-11,37.5
2008-04-14,34.0
2008-04-15,34.099998
2008-04-16,33.299999
2008-04-17,36.200001
2008-04-18,39.700001
2008-04-21,38.599998
2008-04-22,37.299999
2008-04-23,37.099998
2008-04-24,37.900002
2008-04-25,40.0
2008-04-28,39.700001
2008-04-29,39.799999
2008-04-30,39.799999
2008-05-01,41.900002
2008-05-02,42.099998
2008-05-05,40.799999
2008-05-06,40.700001
2008-05-07,39.599998
2008-05-08,39.200001
2008-05-09,38.5
2008-05-12,40.0
2008-05-13,38.900002
2008-05-14,41.299999
2008-05-15,43.599998
2008-05-16,43.099998
2008-05-19,40.299999
2008-05-20,40.0
2008-05-21,39.299999
2008-05-22,39.700001
2008-05-23,39.200001
2008-05-27,40.0
2008-05-28,39.599998
2008-05-29,40.200001
2008-05-30,41.0
2008-06-02,39.700001
2008-06-03,38.900002
2008-06-04,39.5
2008-06-05,40.799999
2008-06-06,39.799999
2008-06-09,38.099998
2008-06-10,36.400002
2008-06-11,35.0
2008-06-12,36.200001
2008-06-13,37.0
2008-06-16,37.799999
2008-06-17,36.799999
2008-06-18,36.900002
2008-06-19,36.900002
2008-06-20,35.900002
2008-06-23,35.099998
2008-06-24,34.400002
2008-06-25,34.299999
2008-06-26,32.599998
2008-06-27,31.0
2008-06-30,31.4
2008-07-01,31.9
2008-07-02,32.299999
2008-07-03,32.299999
2008-07-07,33.200001
2008-07-08,32.5
2008-07-09,30.200001
2008-07-10,28.700001
2008-07-11,27.200001
2008-07-14,24.6
2008-07-15,25.0
2008-07-16,31.4
2008-07-17,37.0
2008-07-18,36.599998
2008-07-21,36.5
2008-07-22,40.5
2008-07-23,34.099998
2008-07-24,30.299999
2008-07-25,30.9
2008-07-28,28.700001
2008-07-29,30.6
2008-07-30,30.1
2008-07-31,30.200001
2008-08-01,30.5
2008-08-04,29.9
2008-08-05,30.700001
2008-08-06,30.5
2008-08-07,29.5
2008-08-08,30.5
2008-08-11,31.5
2008-08-12,30.1
2008-08-13,30.5
2008-08-14,30.299999
2008-08-15,31.0
2008-08-18,30.299999
2008-08-19,29.5
2008-08-20,30.0
2008-08-21,29.4
2008-08-22,30.0
2008-08-25,29.4
2008-08-26,29.5
2008-08-27,30.0
2008-08-28,31.1
2008-08-29,32.0
2008-09-02,32.5
2008-09-03,35.200001
2008-09-04,32.099998
2008-09-05,33.5
2008-09-08,34.400002
2008-09-09,31.799999
2008-09-10,30.299999
2008-09-11,31.9
2008-09-12,33.0
2008-09-15,28.5
2008-09-16,28.299999
2008-09-17,26.9
2008-09-18,33.0
2008-09-19,39.099998
2008-09-22,33.700001
2008-09-23,32.799999
2008-09-24,33.900002
2008-09-25,34.900002
2008-09-26,34.5
2008-09-29,26.0
2008-09-30,28.0
2008-10-01,32.299999
2008-10-02,29.799999
2008-10-03,30.5
2008-10-06,28.5
2008-10-07,26.0
2008-10-08,25.0
2008-10-09,22.700001
2008-10-10,22.299999
2008-10-13,26.4
2008-10-14,25.799999
2008-10-15,21.5
2008-10-16,22.4
2008-10-17,23.700001
2008-10-20,23.299999
2008-10-21,22.9
2008-10-22,22.799999
2008-10-23,22.700001
2008-10-24,19.700001
2008-10-27,17.200001
2008-10-28,16.0
2008-10-29,16.200001
2008-10-30,17.799999
2008-10-31,18.200001
2008-11-03,17.6
2008-11-04,21.0
2008-11-05,20.5
2008-11-06,18.700001
2008-11-07,17.1
2008-11-10,16.299999
2008-11-11,16.5
2008-11-12,14.2
2008-11-13,14.9
2008-11-14,13.5
2008-11-17,13.2
2008-11-18,12.5
2008-11-19,9.8
2008-11-20,9.4
2008-11-21,9.0
2008-11-24,8.8
2008-11-25,13.2
2008-11-26,13.5
2008-11-28,13.5
2008-12-01,10.9
2008-12-02,12.2
2008-12-03,12.9
2008-12-04,11.5
2008-12-05,12.7
2008-12-08,13.8
2008-12-09,13.2
2008-12-10,12.6
2008-12-11,11.9
2008-12-12,10.8
2008-12-15,11.3
2008-12-16,13.0
2008-12-17,12.3
2008-12-18,11.8
2008-12-19,11.9
2008-12-22,11.3
2008-12-23,11.1
2008-12-24,11.1
2008-12-26,11.1
2008-12-29,10.9
2008-12-30,11.3
2008-12-31,11.5
2009-01-02,13.1
2009-01-05,13.1
2009-01-06,14.0
2009-01-07,12.9
2009-01-08,13.5
2009-01-09,13.4
2009-01-12,12.5
2009-01-13,12.6
2009-01-14,12.3
2009-01-15,11.7
2009-01-16,11.4
2009-01-20,10.1
2009-01-21,12.1
2009-01-22,10.9
2009-01-23,11.6
2009-01-26,11.2
2009-01-27,11.0
2009-01-28,12.8
2009-01-29,11.7
2009-01-30,11.4
2009-02-02,11.4
2009-02-03,11.6
2009-02-04,11.4
2009-02-05,11.3
2009-02-06,12.7
2009-02-09,13.3
2009-02-10,11.8
2009-02-11,12.1
2009-02-12,11.8
2009-02-13,11.4
2009-02-17,10.6
2009-02-18,10.6
2009-02-19,9.7
2009-02-20,8.9
2009-02-23,8.7
2009-02-24,9.9
2009-02-25,9.7
2009-02-26,9.0
2009-02-27,8.0
2009-03-02,7.5
2009-03-03,7.4
2009-03-04,7.5
2009-03-05,6.5
2009-03-06,6.1
2009-03-09,5.9
2009-03-10,7.4
2009-03-11,6.8
2009-03-12,6.6
2009-03-13,7.5
2009-03-16,8.2
2009-03-17,9.1
2009-03-18,12.8
2009-03-19,11.7
2009-03-20,11.8
2009-03-23,13.8
2009-03-24,13.1
2009-03-25,13.1
2009-03-26,13.6
2009-03-27,13.2
2009-03-30,11.6
2009-03-31,12.4
2009-04-01,12.5
2009-04-02,13.4
2009-04-03,13.6
2009-04-06,13.0
2009-04-07,12.3
2009-04-08,12.6
2009-04-09,13.5
2009-04-13,17.4
2009-04-14,18.700001
2009-04-15,20.799999
2009-04-16,22.799999
2009-04-17,25.799999
2009-04-20,21.299999
2009-04-21,24.299999
2009-04-22,23.700001
2009-04-23,25.4
2009-04-24,24.799999
2009-04-27,23.5
2009-04-28,24.6
2009-04-29,16.299999
2009-04-30,14.3
2009-05-01,15.8
2009-05-04,17.200001
2009-05-05,16.799999
2009-05-06,17.5
2009-05-07,16.9
2009-05-08,19.700001
2009-05-11,17.799999
2009-05-12,15.9
2009-05-13,15.2
2009-05-14,15.2
2009-05-15,14.6
2009-05-18,15.8
2009-05-19,15.7
2009-05-20,15.3
2009-05-21,14.2
2009-05-22,13.8
2009-05-26,13.3
2009-05-27,14.1
2009-05-28,14.3
2009-05-29,14.4
2009-06-01,15.1
2009-06-02,14.6
2009-06-03,14.1
2009-06-04,14.9
2009-06-05,14.8
2009-06-08,14.5
2009-06-09,15.3
2009-06-10,15.9
2009-06-11,16.6
2009-06-12,19.700001
2009-06-15,18.1
2009-06-16,16.5
2009-06-17,14.6
2009-06-18,14.3
2009-06-19,12.6
2009-06-22,11.9
2009-06-23,12.1
2009-06-24,12.3
2009-06-25,12.6
2009-06-26,12.8
2009-06-29,13.0
2009-06-30,12.9
2009-07-01,13.5
2009-07-02,13.1
2009-07-06,12.8
2009-07-07,11.8
2009-07-08,11.8
2009-07-09,12.0
2009-07-10,11.9
2009-07-13,12.0
2009-07-14,12.0
2009-07-15,12.8
2009-07-16,13.0
2009-07-17,12.3
2009-07-20,12.8
2009-07-21,12.9
2009-07-22,13.6
2009-07-23,14.2
2009-07-24,14.2
2009-07-27,15.4
2009-07-28,14.5
2009-07-29,14.6
2009-07-30,14.8
2009-07-31,15.0
2009-08-03,14.7
2009-08-04,14.5
2009-08-05,14.5
2009-08-06,14.3
2009-08-07,13.8
2009-08-10,13.8
2009-08-11,13.7
2009-08-12,14.6
2009-08-13,14.0
2009-08-14,13.5
2009-08-17,13.5
2009-08-18,14.0
2009-08-19,13.8
2009-08-20,14.4
2009-08-21,14.1
2009-08-24,13.7
2009-08-25,13.5
2009-08-26,14.0
2009-08-27,14.5
2009-08-28,16.4
2009-08-31,17.6
2009-09-01,15.0
2009-09-02,14.9
2009-09-03,15.1
2009-09-04,15.5
2009-09-08,16.5
2009-09-09,16.6
2009-09-10,17.1
2009-09-11,16.6
2009-09-14,17.799999
2009-09-15,18.0
2009-09-16,18.0
2009-09-17,17.0
2009-09-18,18.4
2009-09-21,19.9
2009-09-22,19.200001
2009-09-23,18.4
2009-09-24,17.5
2009-09-25,17.700001
2009-09-28,18.200001
2009-09-29,18.0
2009-09-30,17.5
2009-10-01,16.0
2009-10-02,16.799999
2009-10-05,17.200001
2009-10-06,17.0
2009-10-07,16.9
2009-10-08,17.1
2009-10-09,17.0
2009-10-12,16.700001
2009-10-13,16.9
2009-10-14,16.9
2009-10-15,17.9
2009-10-16,17.5
2009-10-19,17.4
2009-10-20,16.700001
2009-10-21,16.200001
2009-10-22,16.700001
2009-10-23,16.6
2009-10-26,16.0
2009-10-27,15.7
2009-10-28,14.6
2009-10-29,15.5
2009-10-30,14.6
2009-11-02,13.9
2009-11-03,14.5
2009-11-04,14.4
2009-11-05,14.9
2009-11-06,15.5
2009-11-09,15.8
2009-11-10,15.2
2009-11-11,15.1
2009-11-12,14.8
2009-11-13,15.3
2009-11-16,15.7
2009-11-17,15.5
2009-11-18,16.9
2009-11-19,16.299999
2009-11-20,16.4
2009-11-23,16.4
2009-11-24,16.1
2009-11-25,16.6
2009-11-27,15.9
2009-11-30,16.4
2009-12-01,17.1
2009-12-02,17.5
2009-12-03,16.799999
2009-12-04,17.0
2009-12-07,16.799999
2009-12-08,16.5
2009-12-09,16.5
2009-12-10,16.1
2009-12-11,16.6
2009-12-14,16.5
2009-12-15,16.1
2009-12-16,16.9
2009-12-17,16.1
2009-12-18,17.799999
2009-12-21,17.6
2009-12-22,17.700001
2009-12-23,18.0
2009-12-24,18.1
2009-12-28,17.799999
2009-12-29,17.700001
2009-12-30,17.700001
2009-12-31,17.6
2010-01-04,18.4
2010-01-05,18.0
2010-01-06,17.9
2010-01-07,18.0
2010-01-08,18.0
2010-01-11,17.799999
2010-01-12,17.299999
2010-01-13,17.4
2010-01-14,17.299999
2010-01-15,18.4
2010-01-19,18.1
2010-01-20,17.700001
2010-01-21,17.4
2010-01-22,16.4
2010-01-25,16.6
2010-01-26,16.200001
2010-01-27,16.5
2010-01-28,16.0
2010-01-29,15.2
2010-02-01,15.9
2010-02-02,15.3
2010-02-03,15.4
2010-02-04,14.5
2010-02-05,14.6
2010-02-08,14.9
2010-02-09,15.0
2010-02-10,14.5
2010-02-11,14.9
2010-02-12,14.9
2010-02-16,15.2
2010-02-17,15.3
2010-02-18,15.5
2010-02-19,15.6
2010-02-22,15.7
2010-02-23,15.5
2010-02-24,15.5
2010-02-25,15.6
2010-02-26,16.1
2010-03-01,16.5
2010-03-02,16.200001
2010-03-03,16.5
2010-03-04,16.6
2010-03-05,16.6
2010-03-08,16.700001
2010-03-09,16.799999
2010-03-10,16.700001
2010-03-11,16.700001
2010-03-12,16.5
2010-03-15,16.6
2010-03-16,16.9
2010-03-17,16.700001
2010-03-18,16.4
2010-03-19,15.7
2010-03-22,15.1
2010-03-23,16.200001
2010-03-24,15.9
2010-03-25,15.9
2010-03-26,15.5
2010-03-29,15.9
2010-03-30,16.6
2010-03-31,16.5
2010-04-01,16.6
2010-04-05,16.9
2010-04-06,17.1
2010-04-07,17.1
2010-04-08,17.0
2010-04-09,17.1
2010-04-12,17.1
2010-04-13,16.799999
2010-04-14,17.0
2010-04-15,17.799999
2010-04-16,17.4
2010-04-19,17.299999
2010-04-20,17.700001
2010-04-21,18.200001
2010-04-22,18.299999
2010-04-23,19.0
2010-04-26,18.700001
2010-04-27,18.299999
2010-04-28,18.4
2010-04-29,17.4
2010-04-30,16.9
2010-05-03,17.5
2010-05-04,16.6
2010-05-05,16.5
2010-05-06,15.6
2010-05-07,15.0
2010-05-10,16.1
2010-05-11,15.9
2010-05-12,16.0
2010-05-13,16.0
2010-05-14,15.7
2010-05-17,15.3
2010-05-18,14.9
2010-05-19,15.5
2010-05-20,14.3
2010-05-21,14.6
2010-05-24,14.6
2010-05-25,14.2
2010-05-26,14.4
2010-05-27,15.1
2010-05-28,14.8
2010-06-01,14.2
2010-06-02,14.99
2010-06-03,15.07
2010-06-04,14.06
2010-06-07,13.13
2010-06-08,12.99
2010-06-09,13.02
2010-06-10,13.78
2010-06-11,13.88
2010-06-14,13.78
2010-06-15,14.02
2010-06-16,14.16
2010-06-17,13.69
2010-06-18,13.83
2010-06-21,13.98
2010-06-22,13.75
2010-06-23,13.61
2010-06-24,13.12
2010-06-25,13.03
2010-06-28,13.0
2010-06-29,12.03
2010-06-30,11.82
2010-07-01,11.72
2010-07-02,11.61
2010-07-06,11.65
2010-07-07,11.7
2010-07-08,12.0
2010-07-09,12.2
2010-07-12,12.14
2010-07-13,12.8
2010-07-14,13.05
2010-07-15,13.58
2010-07-16,12.96
2010-07-19,13.04
2010-07-20,13.06
2010-07-21,12.78
2010-07-22,13.35
2010-07-23,14.36
2010-07-26,14.51
2010-07-27,14.3
2010-07-28,14.36
2010-07-29,14.43
2010-07-30,14.63
2010-08-02,15.11
2010-08-03,14.83
2010-08-04,15.46
2010-08-05,15.28
2010-08-06,15.12
2010-08-09,15.32
2010-08-10,14.8
2010-08-11,14.06
2010-08-12,13.97
2010-08-13,13.95
2010-08-16,13.79
2010-08-17,14.16
2010-08-18,14.44
2010-08-19,14.02
2010-08-20,13.62
2010-08-23,13.46
2010-08-24,12.94
2010-08-25,12.94
2010-08-26,12.57
2010-08-27,12.84
2010-08-30,12.46
2010-08-31,12.4
2010-09-01,13.06
2010-09-02,13.61
2010-09-03,14.13
2010-09-07,13.9
2010-09-08,13.83
2010-09-09,14.34
2010-09-10,14.19
2010-09-13,14.43
2010-09-14,14.26
2010-09-15,14.23
2010-09-16,14.0
2010-09-17,14.0
2010-09-20,14.36
2010-09-21,14.32
2010-09-22,14.6
2010-09-23,14.55
2010-09-24,15.27
2010-09-27,15.32
2010-09-28,14.79
2010-09-29,14.51
2010-09-30,14.57
2010-10-01,14.89
2010-10-04,14.46
2010-10-05,14.84
2010-10-06,14.82
2010-10-07,14.59
2010-10-08,14.8
2010-10-11,14.81
2010-10-12,14.77
2010-10-13,15.06
2010-10-14,14.83
2010-10-15,14.67
2010-10-18,14.79
2010-10-19,14.49
2010-10-20,14.75
2010-10-21,14.14
2010-10-22,14.04
2010-10-25,14.02
2010-10-26,14.12
2010-10-27,14.23
2010-10-28,14.24
2010-10-29,14.3
2010-11-01,14.19
2010-11-02,14.42
2010-11-03,14.37
2010-11-04,14.95
2010-11-05,15.3
2010-11-08,15.2
2010-11-09,15.03
2010-11-10,15.28
2010-11-11,15.33
2010-11-12,14.98
2010-11-15,15.04
2010-11-16,14.76
2010-11-17,14.68
2010-11-18,14.9
2010-11-19,15.15
2010-11-22,15.04
2010-11-23,14.7
2010-11-24,15.0
2010-11-26,14.84
2010-11-29,14.9
2010-11-30,14.75
2010-12-01,15.28
2010-12-02,15.64
2010-12-03,15.59
2010-12-06,15.64
2010-12-07,15.57
2010-12-08,15.82
2010-12-09,15.99
2010-12-10,15.97
2010-12-13,15.92
2010-12-14,15.61
2010-12-15,15.04
2010-12-16,15.1
2010-12-17,15.42
2010-12-20,15.53
2010-12-21,16.030001000000002
2010-12-22,16.030001000000002
2010-12-23,15.96
2010-12-27,16.08
2010-12-28,16.17
2010-12-29,15.97
2010-12-30,15.92
2010-12-31,16.0
2011-01-03,16.280001000000002
2011-01-04,16.370001000000002
2011-01-05,16.360001
2011-01-06,16.280001000000002
2011-01-07,16.34
2011-01-10,16.450001
2011-01-11,16.360001
2011-01-12,16.469998999999998
2011-01-13,16.639999
2011-01-14,16.700001
2011-01-18,16.549999
2011-01-19,16.08
2011-01-20,16.049999
2011-01-21,15.92
2011-01-24,15.75
2011-01-25,15.53
2011-01-26,15.79
2011-01-27,16.74
2011-01-28,16.35
2011-01-31,16.559998999999998
2011-02-01,17.200001
2011-02-02,17.190001000000002
2011-02-03,17.049999
2011-02-04,17.17
2011-02-07,17.549999
2011-02-08,17.690001000000002
2011-02-09,17.66
2011-02-10,17.68
2011-02-11,17.889999
2011-02-14,17.950001
2011-02-15,17.879998999999998
2011-02-16,17.879998999999998
2011-02-17,17.879998999999998
2011-02-18,17.73
2011-02-22,16.92
2011-02-23,16.65
2011-02-24,15.85
2011-02-25,15.89
2011-02-28,15.98
2011-03-01,15.63
2011-03-02,15.58
2011-03-03,15.93
2011-03-04,15.73
2011-03-07,15.45
2011-03-08,15.82
2011-03-09,15.78
2011-03-10,15.35
2011-03-11,15.5
2011-03-14,15.19
2011-03-15,15.07
2011-03-16,14.86
2011-03-17,14.86
2011-03-18,15.11
2011-03-21,15.47
2011-03-22,15.64
2011-03-23,15.96
2011-03-24,16.1
2011-03-25,15.8
2011-03-28,15.64
2011-03-29,15.44
2011-03-30,15.45
2011-03-31,15.63
2011-04-01,15.94
2011-04-04,15.85
2011-04-05,15.96
2011-04-06,16.24
2011-04-07,16.02
2011-04-08,16.01
2011-04-11,15.89
2011-04-12,15.8
2011-04-13,15.69
2011-04-14,15.67
2011-04-15,15.81
2011-04-18,15.7
2011-04-19,15.74
2011-04-20,15.92
2011-04-21,16.469998999999998
2011-04-25,16.799999
2011-04-26,16.15
2011-04-27,16.299999
2011-04-28,16.25
2011-04-29,16.24
2011-05-02,16.389999
2011-05-03,16.42
2011-05-04,16.040001
2011-05-05,15.87
2011-05-06,15.92
2011-05-09,16.129998999999998
2011-05-10,16.4
2011-05-11,16.33
2011-05-12,16.299999
2011-05-13,16.059998999999998
2011-05-16,15.84
2011-05-17,15.64
2011-05-18,15.89
2011-05-19,15.9
2011-05-20,15.6
2011-05-23,15.18
2011-05-24,15.16
2011-05-25,15.36
2011-05-26,15.42
2011-05-27,15.71
2011-05-31,15.81
2011-06-01,14.99
2011-06-02,14.76
2011-06-03,14.49
2011-06-06,14.02
2011-06-07,14.01
2011-06-08,14.02
2011-06-09,14.23
2011-06-10,13.66
2011-06-13,13.6
2011-06-14,14.06
2011-06-15,13.53
2011-06-16,13.59
2011-06-17,13.72
2011-06-20,13.78
2011-06-21,14.0
2011-06-22,13.7
2011-06-23,13.55
2011-06-24,13.38
2011-06-27,13.39
2011-06-28,13.72
2011-06-29,13.82
2011-06-30,13.8
2011-07-01,14.45
2011-07-05,14.25
2011-07-06,13.96
2011-07-07,14.16
2011-07-08,13.8
2011-07-11,13.07
2011-07-12,13.25
2011-07-13,13.19
2011-07-14,12.96
2011-07-15,12.91
2011-07-18,12.48
2011-07-19,12.95
2011-07-20,14.72
2011-07-21,15.44
2011-07-22,15.64
2011-07-25,16.52
2011-07-26,16.24
2011-07-27,15.5
2011-07-28,15.7
2011-07-29,15.88
2011-08-01,15.46
2011-08-02,14.54
2011-08-03,14.84
2011-08-04,13.15
2011-08-05,12.59
2011-08-08,10.93
2011-08-09,11.81
2011-08-10,10.66
2011-08-11,11.69
2011-08-12,11.39
2011-08-15,11.77
2011-08-16,11.7
2011-08-17,11.73
2011-08-18,10.86
2011-08-19,10.41
2011-08-22,10.1
2011-08-23,10.51
2011-08-24,10.88
2011-08-25,10.66
2011-08-26,10.82
2011-08-29,11.42
2011-08-30,11.51
2011-08-31,12.36
2011-09-01,12.09
2011-09-02,11.4
2011-09-06,11.19
2011-09-07,11.59
2011-09-08,11.27
2011-09-09,10.74
2011-09-12,10.74
2011-09-13,10.95
2011-09-14,11.22
2011-09-15,11.44
2011-09-16,11.63
2011-09-19,10.99
2011-09-20,10.7
2011-09-21,10.25
2011-09-22,9.61
2011-09-23,9.72
2011-09-26,9.73
2011-09-27,9.92
2011-09-28,9.41
2011-09-29,9.56
2011-09-30,9.11
2011-10-03,8.36
2011-10-04,8.42
2011-10-05,8.48
2011-10-06,8.86
2011-10-07,8.72
2011-10-10,9.37
2011-10-11,9.26
2011-10-12,9.82
2011-10-13,9.71
2011-10-14,9.8
2011-10-17,9.31
2011-10-18,9.65
2011-10-19,9.4
2011-10-20,9.58
2011-10-21,10.01
2011-10-24,10.58
2011-10-25,10.29
2011-10-26,10.65
2011-10-27,11.41
2011-10-28,11.63
2011-10-31,10.85
2011-11-01,9.98
2011-11-02,10.33
2011-11-03,10.65
2011-11-04,10.57
2011-11-07,10.63
2011-11-08,10.84
2011-11-09,9.82
2011-11-10,9.48
2011-11-11,9.09
2011-11-14,8.82
2011-11-15,8.71
2011-11-16,8.39
2011-11-17,8.18
2011-11-18,8.23
2011-11-21,8.4
2011-11-22,8.26
2011-11-23,8.04
2011-11-25,8.14
2011-11-28,8.58
2011-11-29,8.7
2011-11-30,9.18
2011-12-01,8.9
2011-12-02,9.07
2011-12-05,9.35
2011-12-06,9.15
2011-12-07,9.18
2011-12-08,8.69
2011-12-09,8.91
2011-12-12,8.68
2011-12-13,8.58
2011-12-14,8.13
2011-12-15,7.9
2011-12-16,7.72
2011-12-19,7.49
2011-12-20,7.89
2011-12-21,7.91
2011-12-22,7.92
2011-12-23,7.95
2011-12-27,7.75
2011-12-28,7.72
2011-12-29,7.97
2011-12-30,7.96
2012-01-03,8.48
2012-01-04,8.42
2012-01-05,8.58
2012-01-06,8.48
2012-01-09,8.5
2012-01-10,8.88
2012-01-11,9.02
2012-01-12,9.25
2012-01-13,9.24
2012-01-17,9.2
2012-01-18,9.36
2012-01-19,9.62
2012-01-20,9.66
2012-01-23,9.62
2012-01-24,9.55
2012-01-25,9.36
2012-01-26,7.99
2012-01-27,8.19
2012-01-30,8.27
2012-01-31,8.19
2012-02-01,8.52
2012-02-02,8.85
2012-02-03,9.19
2012-02-06,9.22
2012-02-07,9.1
2012-02-08,9.13
2012-02-09,9.19
2012-02-10,9.21
2012-02-13,9.31
2012-02-14,9.07
2012-02-15,9.17
2012-02-16,9.26
2012-02-17,9.35
2012-02-21,9.5
2012-02-22,9.32
2012-02-23,9.49
2012-02-24,9.66
2012-02-27,9.66
2012-02-28,9.68
2012-02-29,9.64
2012-03-01,9.84
2012-03-02,9.99
2012-03-05,9.71
2012-03-06,9.27
2012-03-07,9.4
2012-03-08,9.68
2012-03-09,9.67
2012-03-12,9.58
2012-03-13,10.05
2012-03-14,10.4
2012-03-15,10.95
2012-03-16,11.04
2012-03-19,11.22
2012-03-20,11.22
2012-03-21,11.26
2012-03-22,11.03
2012-03-23,11.27
2012-03-26,11.36
2012-03-27,11.19
2012-03-28,11.03
2012-03-29,10.9
2012-03-30,10.95
2012-04-02,11.09
2012-04-03,11.05
2012-04-04,10.69
2012-04-05,10.66
2012-04-09,10.38
2012-04-10,10.05
2012-04-11,10.32
2012-04-12,10.66
2012-04-13,10.06
2012-04-16,9.91
2012-04-17,10.11
2012-04-18,9.97
2012-04-19,9.88
2012-04-20,10.48
2012-04-23,10.27
2012-04-24,10.41
2012-04-25,10.67
2012-04-26,10.67
2012-04-27,10.73
2012-04-30,10.63
2012-05-01,10.73
2012-05-02,10.46
2012-05-03,10.19
2012-05-04,9.98
2012-05-07,9.88
2012-05-08,9.73
2012-05-09,9.64
2012-05-10,9.64
2012-05-11,9.59
2012-05-14,9.22
2012-05-15,9.08
2012-05-16,8.81
2012-05-17,8.6
2012-05-18,8.46
2012-05-21,8.65
2012-05-22,8.77
2012-05-23,8.9
2012-05-24,8.76
2012-05-25,8.68
2012-05-29,8.91
2012-05-30,8.53
2012-05-31,8.49
2012-06-01,8.05
2012-06-04,7.86
2012-06-05,8.06
2012-06-06,8.29
2012-06-07,8.19
2012-06-08,8.19
2012-06-11,7.87
2012-06-12,7.96
2012-06-13,7.87
2012-06-14,7.99
2012-06-15,7.97
2012-06-18,7.84
2012-06-19,8.04
2012-06-20,8.17
2012-06-21,7.83
2012-06-22,7.82
2012-06-25,7.47
2012-06-26,7.5
2012-06-27,7.55
2012-06-28,7.61
2012-06-29,8.04
2012-07-02,8.03
2012-07-03,8.14
2012-07-05,8.07
2012-07-06,7.84
2012-07-09,7.55
2012-07-10,7.53
2012-07-11,7.65
2012-07-12,7.48
2012-07-13,7.87
2012-07-16,8.04
2012-07-17,8.03
2012-07-18,7.9
2012-07-19,7.82
2012-07-20,7.39
2012-07-23,7.2
2012-07-24,7.18
2012-07-25,7.18
2012-07-26,7.26
2012-07-27,7.53
2012-07-30,7.54
2012-07-31,7.63
2012-08-01,7.75
2012-08-02,7.33
2012-08-03,7.86
2012-08-06,7.92
2012-08-07,8.06
2012-08-08,8.02
2012-08-09,8.57
2012-08-10,8.42
2012-08-13,8.51
2012-08-14,8.67
2012-08-15,8.53
2012-08-16,8.55
2012-08-17,8.57
2012-08-20,8.68
2012-08-21,8.68
2012-08-22,8.73
2012-08-23,8.4
2012-08-24,8.5
2012-08-27,8.39
2012-08-28,8.6
2012-08-29,8.62
2012-08-30,8.5
2012-08-31,8.57
2012-09-04,8.59
2012-09-05,8.56
2012-09-06,8.85
2012-09-07,9.06
2012-09-10,8.75
2012-09-11,8.94
2012-09-12,9.32
2012-09-13,9.56
2012-09-14,9.88
2012-09-17,9.52
2012-09-18,9.39
2012-09-19,9.25
2012-09-20,9.22
2012-09-21,9.27
2012-09-24,9.16
2012-09-25,8.78
2012-09-26,8.7
2012-09-27,8.85
2012-09-28,8.8
2012-10-01,8.94
2012-10-02,8.96
2012-10-03,9.02
2012-10-04,9.13
2012-10-05,9.12
2012-10-08,9.03
2012-10-09,9.01
2012-10-10,9.07
2012-10-11,9.32
2012-10-12,9.0
2012-10-15,9.16
2012-10-16,9.22
2012-10-17,9.54
2012-10-18,9.42
2012-10-19,8.57
2012-10-22,8.44
2012-10-23,8.36
2012-10-24,8.24
2012-10-25,8.39
2012-10-26,8.26
2012-10-31,8.36
2012-11-01,8.49
2012-11-02,8.4
2012-11-05,8.77
2012-11-06,8.65
2012-11-07,8.25
2012-11-08,8.14
2012-11-09,8.08
2012-11-12,8.13
2012-11-13,8.0
2012-11-14,7.74
2012-11-15,7.86
2012-11-16,7.88
2012-11-19,8.17
2012-11-20,8.1
2012-11-21,8.11
2012-11-23,8.14
2012-11-26,8.43
2012-11-27,8.38
2012-11-28,8.53
2012-11-29,8.53
2012-11-30,8.42
2012-12-03,8.34
2012-12-04,8.37
2012-12-05,8.54
2012-12-06,8.37
2012-12-07,8.38
2012-12-10,8.31
2012-12-11,8.32
2012-12-12,8.25
2012-12-13,8.27
2012-12-14,8.32
2012-12-17,8.58
2012-12-18,8.78
2012-12-19,8.78
2012-12-20,8.89
2012-12-21,8.83
2012-12-24,8.67
2012-12-26,8.66
2012-12-27,8.73
2012-12-28,8.76
2012-12-31,8.95
2013-01-02,9.19
2013-01-03,9.19
2013-01-04,9.39
2013-01-07,9.35
2013-01-08,9.26
2013-01-09,9.37
2013-01-10,9.55
2013-01-11,9.58
2013-01-14,9.49
2013-01-15,9.77
2013-01-16,9.86
2013-01-17,9.87
2013-01-18,10.18
2013-01-22,10.38
2013-01-23,10.3
2013-01-24,10.27
2013-01-25,10.33
2013-01-28,10.6
2013-01-29,10.56
2013-01-30,10.47
2013-01-31,10.6
2013-02-01,10.8
2013-02-04,10.8
2013-02-05,10.91
2013-02-06,10.92
2013-02-07,10.99
2013-02-08,11.02
2013-02-11,11.06
2013-02-12,11.31
2013-02-13,11.3
2013-02-14,11.42
2013-02-15,11.22
2013-02-19,11.29
2013-02-20,11.12
2013-02-21,10.78
2013-02-22,10.84
2013-02-25,10.64
2013-02-26,10.55
2013-02-27,10.72
2013-02-28,10.71
2013-03-01,10.63
2013-03-04,10.79
2013-03-05,10.89
2013-03-06,11.0
2013-03-07,11.31
2013-03-08,11.3
2013-03-11,11.37
2013-03-12,11.4
2013-03-13,11.82
2013-03-14,10.85
2013-03-15,10.66
2013-03-18,10.5
2013-03-19,10.44
2013-03-20,10.79
2013-03-21,10.64
2013-03-22,10.66
2013-03-25,10.56
2013-03-26,10.61
2013-03-27,10.65
2013-03-28,10.71
2013-04-01,10.39
2013-04-02,10.37
2013-04-03,10.21
2013-04-04,10.11
2013-04-05,9.95
2013-04-08,10.13
2013-04-09,10.18
2013-04-10,10.3
2013-04-11,10.39
2013-04-12,10.17
2013-04-15,9.75
2013-04-16,9.72
2013-04-17,9.71
2013-04-18,9.54
2013-04-19,9.83
2013-04-22,9.75
2013-04-23,9.95
2013-04-24,10.18
2013-04-25,10.27
2013-04-26,10.2
2013-04-29,10.31
2013-04-30,10.29
2013-05-01,10.08
2013-05-02,10.43
2013-05-03,10.85
2013-05-06,10.86
2013-05-07,10.91
2013-05-08,10.89
2013-05-09,10.89
2013-05-10,11.16
2013-05-13,11.19
2013-05-14,11.52
2013-05-15,11.34
2013-05-16,11.32
2013-05-17,11.53
2013-05-20,11.52
2013-05-21,11.47
2013-05-22,11.32
2013-05-23,11.4
2013-05-24,11.31
2013-05-28,11.76
2013-05-29,11.75
2013-05-30,11.8
2013-05-31,11.62
2013-06-03,11.58
2013-06-04,11.46
2013-06-05,11.1
2013-06-06,11.39
2013-06-07,11.76
2013-06-10,11.87
2013-06-11,11.53
2013-06-12,11.5
2013-06-13,11.68
2013-06-14,11.44
2013-06-17,11.9
2013-06-18,12.09
2013-06-19,12.05
2013-06-20,12.14
2013-06-21,12.24
2013-06-24,11.89
2013-06-25,11.93
2013-06-26,12.24
2013-06-27,12.59
2013-06-28,12.66
2013-07-01,12.82
2013-07-02,12.9
2013-07-03,12.86
2013-07-05,13.16
2013-07-08,13.4
2013-07-09,13.51
2013-07-10,13.53
2013-07-11,13.36
2013-07-12,13.42
2013-07-15,13.51
2013-07-16,13.21
2013-07-17,13.34
2013-07-18,13.45
2013-07-19,13.49
2013-07-22,13.58
2013-07-23,13.61
2013-07-24,13.62
2013-07-25,14.69
2013-07-26,14.85
2013-07-29,14.88
2013-07-30,14.91
2013-07-31,14.9
2013-08-01,15.21
2013-08-02,15.29
2013-08-05,15.31
2013-08-06,15.14
2013-08-07,14.62
2013-08-08,14.63
2013-08-09,14.68
2013-08-12,14.51
2013-08-13,14.61
2013-08-14,14.74
2013-08-15,14.55
2013-08-16,14.56
2013-08-19,14.37
2013-08-20,14.59
2013-08-21,14.43
2013-08-22,14.69
2013-08-23,14.65
2013-08-26,14.53
2013-08-27,14.06
2013-08-28,14.11
2013-08-29,14.34
2013-08-30,14.04
2013-09-03,14.54
2013-09-04,15.71
2013-09-05,15.55
2013-09-06,16.26
2013-09-09,16.51
2013-09-10,17.1
2013-09-11,17.02
2013-09-12,17.0
2013-09-13,17.110001
2013-09-16,17.07
2013-09-17,17.48
2013-09-18,16.98
2013-09-19,16.860001
2013-09-20,16.709999
2013-09-23,16.469998999999998
2013-09-24,16.66
2013-09-25,16.790001
2013-09-26,16.799999
2013-09-27,16.76
2013-09-30,16.5
2013-10-01,16.799999
2013-10-02,16.68
2013-10-03,16.870001000000002
2013-10-04,17.129998999999998
2013-10-07,16.76
2013-10-08,16.190001000000002
2013-10-09,16.26
2013-10-10,16.75
2013-10-11,17.0
2013-10-14,16.92
2013-10-15,16.879998999999998
2013-10-16,17.35
2013-10-17,17.32
2013-10-18,17.49
2013-10-21,17.43
2013-10-22,17.440001000000002
2013-10-23,17.34
2013-10-24,16.809998999999998
2013-10-25,17.309998999999998
2013-10-28,17.209999
2013-10-29,17.35
2013-10-30,17.049999
2013-10-31,16.91
2013-11-01,17.129998999999998
2013-11-04,17.219998999999998
2013-11-05,17.25
2013-11-06,17.27
2013-11-07,16.870001000000002
2013-11-08,17.76
2013-11-11,17.93
2013-11-12,17.629998999999998
2013-11-13,17.93
2013-11-14,17.68
2013-11-15,17.639999
2013-11-18,17.629998999999998
2013-11-19,17.379998999999998
2013-11-20,17.42
2013-11-21,17.6
2013-11-22,17.75
2013-11-25,17.690001000000002
2013-11-26,17.9
2013-11-27,17.889999
2013-11-29,17.92
2013-12-02,18.1
2013-12-03,18.110001
2013-12-04,18.049999
2013-12-05,18.030001000000002
2013-12-06,18.280001000000002
2013-12-09,18.209999
2013-12-10,18.690001000000002
2013-12-11,18.469998999999998
2013-12-12,18.4
2013-12-13,18.530001000000002
2013-12-16,18.65
2013-12-17,18.65
2013-12-18,19.139999
2013-12-19,19.33
2013-12-20,19.34
2013-12-23,19.48
2013-12-24,19.41
2013-12-26,19.459999
2013-12-27,19.450001
2013-12-30,19.370001000000002
2013-12-31,19.639999
2014-01-02,19.809998999999998
2014-01-03,20.299999
2014-01-06,20.27
2014-01-07,20.690001000000002
2014-01-08,20.709999
2014-01-09,20.940001000000002
2014-01-10,20.91
2014-01-13,20.549999
2014-01-14,20.950001
2014-01-15,21.190001000000002
2014-01-16,21.290001
2014-01-17,21.02
2014-01-21,21.33
2014-01-22,21.51
2014-01-23,21.040001
2014-01-24,20.969998999999998
2014-01-27,20.07
2014-01-28,20.370001000000002
2014-01-29,19.9
2014-01-30,20.35
2014-01-31,20.02
2014-02-03,19.040001
2014-02-04,19.389999
2014-02-05,19.23
2014-02-06,19.76
2014-02-07,20.27
2014-02-10,20.629998999999998
2014-02-11,21.040001
2014-02-12,21.299999
2014-02-13,21.790001
2014-02-14,21.809998999999998
2014-02-18,22.530001000000002
2014-02-19,22.5
2014-02-20,22.73
2014-02-21,22.370001000000002
2014-02-24,22.709999
2014-02-25,22.549999
2014-02-26,22.33
2014-02-27,22.299999
2014-02-28,22.469998999999998
2014-03-03,21.969998999999998
2014-03-04,23.16
2014-03-05,23.24
2014-03-06,23.4
2014-03-07,23.5
2014-03-10,23.48
2014-03-11,23.27
2014-03-12,23.57
2014-03-13,23.26
2014-03-14,23.49
2014-03-17,23.76
2014-03-18,24.43
2014-03-19,24.67
2014-03-20,25.139999
2014-03-21,24.860001
2014-03-24,24.200001
2014-03-25,24.02
2014-03-26,23.530001000000002
2014-03-27,22.799999
2014-03-28,22.59
2014-03-31,23.02
2014-04-01,23.76
2014-04-02,23.700001
2014-04-03,22.17
2014-04-04,20.43
2014-04-07,19.969998999999998
2014-04-08,19.98
2014-04-09,21.18
2014-04-10,20.280001000000002
2014-04-11,19.790001
2014-04-14,19.92
2014-04-15,20.360001
2014-04-16,20.84
2014-04-17,21.040001
2014-04-21,21.01
2014-04-22,21.65
2014-04-23,21.5
2014-04-24,22.67
2014-04-25,22.4
2014-04-28,21.809998999999998
2014-04-29,22.0
2014-04-30,22.450001
2014-05-01,22.66
2014-05-02,22.67
2014-05-05,22.450001
2014-05-06,21.57
2014-05-07,21.690001000000002
2014-05-08,21.23
2014-05-09,21.1
2014-05-12,21.77
2014-05-13,21.459999
2014-05-14,20.73
2014-05-15,19.76
2014-05-16,20.059998999999998
2014-05-19,20.07
2014-05-20,19.77
2014-05-21,20.25
2014-05-22,20.440001000000002
2014-05-23,20.32
2014-05-27,20.27
2014-05-28,20.190001000000002
2014-05-29,20.42
2014-05-30,20.370001000000002
2014-06-02,20.459999
2014-06-03,19.66
2014-06-04,19.700001
2014-06-05,19.870001000000002
2014-06-06,20.74
2014-06-09,21.15
2014-06-10,20.83
2014-06-11,20.48
2014-06-12,20.02
2014-06-13,20.17
2014-06-16,20.42
2014-06-17,22.0
2014-06-18,21.870001000000002
2014-06-19,21.280001000000002
2014-06-20,21.24
2014-06-23,20.969998999999998
2014-06-24,20.85
2014-06-25,20.950001
2014-06-26,20.959999
2014-06-27,21.209999
2014-06-30,21.26
2014-07-01,21.66
2014-07-02,22.139999
2014-07-03,22.77
2014-07-07,22.450001
2014-07-08,21.790001
2014-07-09,21.51
2014-07-10,21.43
2014-07-11,21.67
2014-07-14,21.42
2014-07-15,21.299999
2014-07-16,21.120001000000002
2014-07-17,20.68
2014-07-18,21.4
2014-07-21,21.35
2014-07-22,21.09
2014-07-23,21.27
2014-07-24,20.73
2014-07-25,20.379998999999998
2014-07-28,20.5
2014-07-29,20.98
2014-07-30,21.690001000000002
2014-07-31,21.02
2014-08-01,20.75
2014-08-04,20.940001000000002
2014-08-05,20.709999
2014-08-06,21.01
2014-08-07,20.57
2014-08-08,21.299999
2014-08-11,21.51
2014-08-12,21.280001000000002
2014-08-13,21.34
2014-08-14,21.49
2014-08-15,21.35
2014-08-18,21.639999
2014-08-19,21.76
2014-08-20,21.799999
2014-08-21,22.16
2014-08-22,22.4
2014-08-25,22.68
2014-08-26,22.57
2014-08-27,22.280001000000002
2014-08-28,22.16
2014-08-29,22.26
2014-09-02,22.290001
2014-09-03,21.85
2014-09-04,21.93
2014-09-05,21.91
2014-09-08,22.4
2014-09-09,22.17
2014-09-10,22.73
2014-09-11,22.709999
2014-09-12,23.139999
2014-09-15,22.99
2014-09-16,23.360001
2014-09-17,23.870001000000002
2014-09-18,24.129998999999998
2014-09-19,23.73
2014-09-22,23.52
2014-09-23,23.35
2014-09-24,23.49
2014-09-25,22.700001
2014-09-26,22.84
2014-09-29,22.639999
2014-09-30,22.59
2014-10-01,22.030001000000002
2014-10-02,22.15
2014-10-03,22.76
2014-10-06,22.41
2014-10-07,21.51
2014-10-08,21.299999
2014-10-09,20.360001
2014-10-10,19.549999
2014-10-13,19.09
2014-10-14,19.209999
2014-10-15,19.360001
2014-10-16,19.879998999999998
2014-10-17,20.120001000000002
2014-10-20,20.440001000000002
2014-10-21,20.940001000000002
2014-10-22,20.700001
2014-10-23,20.950001
2014-10-24,21.17
2014-10-27,21.09
2014-10-28,21.43
2014-10-29,21.799999
2014-10-30,21.700001
2014-10-31,22.299999
2014-11-03,22.440001000000002
2014-11-04,22.440001000000002
2014-11-05,22.67
2014-11-06,22.83
2014-11-07,22.280001000000002
2014-11-10,22.889999
2014-11-11,23.110001
2014-11-12,22.83
2014-11-13,23.15
2014-11-14,23.190001000000002
2014-11-17,22.93
2014-11-18,22.91
2014-11-19,22.67
2014-11-20,22.83
2014-11-21,23.030001000000002
2014-11-24,23.17
2014-11-25,22.879998999999998
2014-11-26,22.9
2014-11-28,22.809998999999998
2014-12-01,22.059998999999998
2014-12-02,22.67
2014-12-03,23.040001
2014-12-04,23.09
2014-12-05,23.860001
2014-12-08,23.68
2014-12-09,23.639999
2014-12-10,23.360001
2014-12-11,23.52
2014-12-12,22.58
2014-12-15,22.559998999999998
2014-12-16,22.219998999999998
2014-12-17,23.26
2014-12-18,23.940001000000002
2014-12-19,24.17
2014-12-22,24.23
2014-12-23,24.27
2014-12-24,24.450001
2014-12-26,24.299999
2014-12-29,24.32
2014-12-30,24.1
2014-12-31,24.26
2015-01-02,24.01
2015-01-05,23.23
2015-01-06,22.59
2015-01-07,22.950001
2015-01-08,23.58
2015-01-09,23.09
2015-01-12,22.719998999999998
2015-01-13,22.99
2015-01-14,22.49
2015-01-15,21.77
2015-01-16,22.17
2015-01-20,22.5
2015-01-21,22.02
2015-01-22,22.65
2015-01-23,24.559998999999998
2015-01-26,24.190001000000002
2015-01-27,23.860001
2015-01-28,23.219998999999998
2015-01-29,23.65
2015-01-30,23.049999
2015-02-02,23.65
2015-02-03,24.82
2015-02-04,25.299999
2015-02-05,25.110001
2015-02-06,25.459999
2015-02-09,25.09
2015-02-10,25.620001000000002
2015-02-11,25.629998999999998
2015-02-12,25.91
2015-02-13,25.65
2015-02-17,25.860001
2015-02-18,25.540001
2015-02-19,25.639999
2015-02-20,26.15
2015-02-23,26.040001
2015-02-24,26.43
2015-02-25,26.360001
2015-02-26,26.08
2015-02-27,26.040001
2015-03-02,26.49
2015-03-03,26.48
2015-03-04,26.52
2015-03-05,26.969998999999998
2015-03-06,27.85
2015-03-09,27.93
2015-03-10,27.549999
2015-03-11,27.719998999999998
2015-03-12,27.98
2015-03-13,27.98
2015-03-16,28.280001000000002
2015-03-17,28.379998999999998
2015-03-18,27.860001
2015-03-19,27.32
2015-03-20,27.860001
2015-03-23,27.91
2015-03-24,27.59
2015-03-25,27.049999
2015-03-26,27.450001
2015-03-27,27.85
2015-03-30,28.24
2015-03-31,28.559998999999998
2015-04-01,28.469998999999998
2015-04-02,28.469998999999998
2015-04-06,28.07
2015-04-07,27.75
2015-04-08,28.209999
2015-04-09,28.4
2015-04-10,28.26
2015-04-13,28.15
2015-04-14,27.82
2015-04-15,27.940001000000002
2015-04-16,28.25
2015-04-17,27.559998999999998
2015-04-20,27.620001000000002
2015-04-21,27.530001000000002
2015-04-22,28.610001
2015-04-23,28.190001000000002
2015-04-24,28.17
2015-04-27,27.84
2015-04-28,28.52
2015-04-29,29.200001
2015-04-30,28.790001
2015-05-01,29.1
2015-05-04,29.32
2015-05-05,29.01
2015-05-06,28.459999
2015-05-07,28.860001
2015-05-08,29.16
2015-05-11,29.85
2015-05-12,29.389999
2015-05-13,29.459999
2015-05-14,29.59
2015-05-15,29.01
2015-05-18,29.84
2015-05-19,29.629998999999998
2015-05-20,29.68
2015-05-21,29.84
2015-05-22,29.51
2015-05-26,29.780001000000002
2015-05-27,30.01
2015-05-28,29.84
2015-05-29,29.459999
2015-06-01,29.49
2015-06-02,30.530001000000002
2015-06-03,30.35
2015-06-04,30.110001
2015-06-05,30.67
2015-06-08,30.530001000000002
2015-06-09,30.77
2015-06-10,30.84
2015-06-11,30.889999
2015-06-12,30.74
2015-06-15,30.620001000000002
2015-06-16,30.85
2015-06-17,30.290001
2015-06-18,30.41
2015-06-19,29.93
2015-06-22,30.98
2015-06-23,31.15
2015-06-24,30.799999
2015-06-25,30.75
2015-06-26,30.719998999999998
2015-06-29,29.34
2015-06-30,29.950001
2015-07-01,30.15
2015-07-02,29.92
2015-07-06,29.33
2015-07-07,29.040001
2015-07-08,27.950001
2015-07-09,28.48
2015-07-10,29.040001
2015-07-13,29.49
2015-07-14,29.610001
2015-07-15,29.51
2015-07-16,30.360001
2015-07-17,30.18
2015-07-20,30.209999
2015-07-21,30.120001000000002
2015-07-22,30.190001000000002
2015-07-23,29.42
2015-07-24,28.52
2015-07-27,27.360001
2015-07-28,27.969998999999998
2015-07-29,28.469998999999998
2015-07-30,28.639999
2015-07-31,28.42
2015-08-03,28.360001
2015-08-04,29.27
2015-08-05,29.280001000000002
2015-08-06,29.67
2015-08-07,29.110001
2015-08-10,29.700001
2015-08-11,28.76
2015-08-12,28.27
2015-08-13,28.309998999999998
2015-08-14,28.530001000000002
2015-08-17,28.629998999999998
2015-08-18,28.18
2015-08-19,27.49
2015-08-20,26.459999
2015-08-21,25.540001
2015-08-24,24.120001000000002
2015-08-25,24.139999
2015-08-26,25.26
2015-08-27,26.59
2015-08-28,26.530001000000002
2015-08-31,26.290001
2015-09-01,25.0
2015-09-02,25.389999
2015-09-03,25.610001
2015-09-04,25.370001000000002
2015-09-08,27.27
2015-09-09,26.969998999999998
2015-09-10,27.209999
2015-09-11,27.110001
2015-09-14,26.719998999999998
2015-09-15,27.67
2015-09-16,27.75
2015-09-17,26.98
2015-09-18,26.059998999999998
2015-09-21,26.620001000000002
2015-09-22,26.110001
2015-09-23,26.23
2015-09-24,25.780001000000002
2015-09-25,26.469998999999998
2015-09-28,25.27
2015-09-29,25.540001
2015-09-30,26.33
2015-10-01,26.209999
2015-10-02,25.75
2015-10-05,26.59
2015-10-06,25.75
2015-10-07,26.440001000000002
2015-10-08,26.540001
2015-10-09,26.15
2015-10-12,26.309998999999998
2015-10-13,26.02
2015-10-14,25.469998999999998
2015-10-15,26.290001
2015-10-16,26.6
2015-10-19,26.51
2015-10-20,26.85
2015-10-21,26.290001
2015-10-22,27.07
2015-10-23,28.309998999999998
2015-10-26,28.09
2015-10-27,27.610001
2015-10-28,28.799999
2015-10-29,28.59
2015-10-30,28.51
2015-11-02,28.85
2015-11-03,28.82
2015-11-04,28.870001000000002
2015-11-05,28.98
2015-11-06,30.42
2015-11-09,30.24
2015-11-10,30.040001
2015-11-11,29.9
2015-11-12,29.01
2015-11-13,28.860001
2015-11-16,29.18
2015-11-17,29.27
2015-11-18,29.700001
2015-11-19,30.110001
2015-11-20,30.25
2015-11-23,29.959999
2015-11-24,30.059998999999998
2015-11-25,30.25
2015-11-27,30.290001
2015-11-30,30.43
2015-12-01,30.719998999999998
2015-12-02,30.5
2015-12-03,29.9
2015-12-04,30.73
2015-12-07,30.120001000000002
2015-12-08,29.969998999999998
2015-12-09,29.620001000000002
2015-12-10,29.85
2015-12-11,28.870001000000002
2015-12-14,29.01
2015-12-15,30.24
2015-12-16,30.52
2015-12-17,29.950001
2015-12-18,28.82
2015-12-21,28.639999
2015-12-22,29.219998999999998
2015-12-23,29.67
2015-12-24,29.709999
2015-12-28,29.57
2015-12-29,29.9
2015-12-30,29.9
2015-12-31,29.639999
2016-01-04,28.780001000000002
2016-01-05,28.58
2016-01-06,27.98
2016-01-07,26.889999
2016-01-08,26.709999
2016-01-11,26.66
2016-01-12,26.98
2016-01-13,25.49
2016-01-14,25.99
2016-01-15,25.059998999999998
2016-01-19,24.809998999999998
2016-01-20,24.33
2016-01-21,24.299999
2016-01-22,24.059998999999998
2016-01-25,23.43
2016-01-26,23.68
2016-01-27,23.469998999999998
2016-01-28,23.26
2016-01-29,23.559998999999998
2016-02-01,23.67
2016-02-02,22.629998999999998
2016-02-03,22.58
2016-02-04,23.16
2016-02-05,22.67
2016-02-08,21.17
2016-02-09,20.83
2016-02-10,20.690001000000002
2016-02-11,20.23
2016-02-12,21.15
2016-02-16,21.860001
2016-02-17,22.280001000000002
2016-02-18,22.0
2016-02-19,22.49
2016-02-22,22.799999
2016-02-23,22.67
2016-02-24,22.57
2016-02-25,23.23
2016-02-26,24.24
2016-02-29,23.459999
2016-03-01,24.879998999999998
2016-03-02,24.99
2016-03-03,25.24
2016-03-04,25.32
2016-03-07,25.42
2016-03-08,24.360001
2016-03-09,24.450001
2016-03-10,24.370001000000002
2016-03-11,25.41
2016-03-14,24.84
2016-03-15,24.82
2016-03-16,24.42
2016-03-17,25.0
2016-03-18,25.16
2016-03-21,25.219998999999998
2016-03-22,25.209999
2016-03-23,24.799999
2016-03-24,24.66
2016-03-28,24.43
2016-03-29,24.42
2016-03-30,24.66
2016-03-31,24.49
2016-04-01,24.969998999999998
2016-04-04,24.68
2016-04-05,23.93
2016-04-06,24.09
2016-04-07,22.950001
2016-04-08,23.200001
2016-04-11,23.469998999999998
2016-04-12,23.82
2016-04-13,24.870001000000002
2016-04-14,24.77
2016-04-15,24.52
2016-04-18,24.68
2016-04-19,24.49
2016-04-20,24.99
2016-04-21,25.34
2016-04-22,26.139999
2016-04-25,25.959999
2016-04-26,26.26
2016-04-27,26.16
2016-04-28,25.42
2016-04-29,25.18
2016-05-02,25.719998999999998
2016-05-03,25.290001
2016-05-04,24.860001
2016-05-05,24.950001
2016-05-06,24.93
2016-05-09,24.91
2016-05-10,25.65
2016-05-11,25.32
2016-05-12,25.309998999999998
2016-05-13,24.889999
2016-05-16,25.209999
2016-05-17,25.18
2016-05-18,26.65
2016-05-19,26.389999
2016-05-20,26.690001000000002
2016-05-23,26.57
2016-05-24,27.360001
2016-05-25,27.59
2016-05-26,27.370001000000002
2016-05-27,27.82
2016-05-31,27.889999
2016-06-01,27.940001000000002
2016-06-02,28.129998999999998
2016-06-03,26.690001000000002
2016-06-06,27.200001
2016-06-07,26.85
2016-06-08,26.9
2016-06-09,26.48
2016-06-10,25.809998999999998
2016-06-13,25.469998999999998
2016-06-14,24.860001
2016-06-15,24.969998999999998
2016-06-16,24.879998999999998
2016-06-17,24.77
2016-06-20,25.23
2016-06-21,25.07
2016-06-22,25.25
2016-06-23,26.190001000000002
2016-06-24,23.110001
2016-06-27,21.83
2016-06-28,22.24
2016-06-29,23.049999
2016-06-30,23.49
2016-07-01,23.059998999999998
2016-07-05,22.33
2016-07-06,22.57
2016-07-07,23.049999
2016-07-08,23.59
2016-07-11,23.639999
2016-07-12,24.549999
2016-07-13,24.459999
2016-07-14,24.85
2016-07-15,24.9
2016-07-18,24.860001
2016-07-19,24.92
2016-07-20,25.459999
2016-07-21,25.219998999999998
2016-07-22,25.809998999999998
2016-07-25,24.99
2016-07-26,25.24
2016-07-27,25.24
2016-07-28,25.129998999999998
2016-07-29,25.08
2016-08-01,24.9
2016-08-02,24.52
2016-08-03,24.99
2016-08-04,25.1
2016-08-05,25.93
2016-08-08,25.950001
2016-08-09,25.790001
2016-08-10,25.440001000000002
2016-08-11,25.530001000000002
2016-08-12,25.219998999999998
2016-08-15,25.469998999999998
2016-08-16,25.389999
2016-08-17,25.23
2016-08-18,25.049999
2016-08-19,25.23
2016-08-22,25.040001
2016-08-23,25.209999
2016-08-24,25.17
2016-08-25,25.51
2016-08-26,26.049999
2016-08-29,26.139999
2016-08-30,26.440001000000002
2016-08-31,26.379998999999998
2016-09-01,26.16
2016-09-02,26.48
2016-09-06,25.959999
2016-09-07,26.110001
2016-09-08,26.49
2016-09-09,26.549999
2016-09-12,27.200001
2016-09-13,26.74
2016-09-14,27.24
2016-09-15,28.32
2016-09-16,28.129998999999998
2016-09-19,28.49
2016-09-20,28.190001000000002
2016-09-21,28.5
2016-09-22,28.5
2016-09-23,28.4
2016-09-26,27.889999
2016-09-27,28.1
2016-09-28,28.4
2016-09-29,28.42
2016-09-30,29.120001000000002
2016-10-03,28.98
2016-10-04,29.1
2016-10-05,29.65
2016-10-06,29.65
2016-10-07,29.559998999999998
2016-10-10,29.41
2016-10-11,28.93
2016-10-12,28.709999
2016-10-13,28.120001000000002
2016-10-14,28.51
2016-10-17,28.129998999999998
2016-10-18,28.42
2016-10-19,28.48
2016-10-20,28.200001
2016-10-21,29.5
2016-10-24,28.860001
2016-10-25,28.09
2016-10-26,28.379998999999998
2016-10-27,28.52
2016-10-28,28.309998999999998
2016-10-31,28.16
2016-11-01,28.1
2016-11-02,27.51
2016-11-03,27.58
2016-11-04,27.629998999999998
2016-11-07,28.530001000000002
2016-11-08,28.65
2016-11-09,30.01
2016-11-10,31.58
2016-11-11,32.450001
2016-11-14,33.080002
2016-11-15,33.560001
2016-11-16,33.27
2016-11-17,34.110001000000004
2016-11-18,34.060001
2016-11-21,33.790001000000004
2016-11-22,34.200001
2016-11-23,34.57
2016-11-25,34.669998
2016-11-28,33.889998999999996
2016-11-29,34.07
2016-11-30,34.509997999999996
2016-12-01,35.299999
2016-12-02,34.93
2016-12-05,35.209998999999996
2016-12-06,35.52
2016-12-07,35.5
2016-12-08,35.439999
2016-12-09,35.639998999999996
2016-12-12,34.93
2016-12-13,34.919998
2016-12-14,34.919998
2016-12-15,35.279999
2016-12-16,34.560001
2016-12-19,34.790001000000004
2016-12-20,35.18
2016-12-21,35.07
2016-12-22,34.900002
2016-12-23,35.43
2016-12-27,35.580002
2016-12-28,34.84
2016-12-29,34.59
2016-12-30,34.650002
2017-01-03,35.220001
2017-01-04,35.98
2017-01-05,36.709998999999996
2017-01-06,36.560001
2017-01-09,36.459998999999996
2017-01-10,36.790001000000004
2017-01-11,36.93
2017-01-12,36.720001
2017-01-13,36.93
2017-01-17,35.77
2017-01-18,36.369999
2017-01-19,36.240002000000004
2017-01-20,36.389998999999996
2017-01-23,36.23
2017-01-24,36.720001
2017-01-25,36.990002000000004
2017-01-26,37.41
2017-01-27,38.27
2017-01-30,37.950001
2017-01-31,37.450001
2017-02-01,37.580002
2017-02-02,34.25
2017-02-03,34.77
2017-02-06,34.799999
2017-02-07,35.299999
2017-02-08,35.060001
2017-02-09,35.799999
2017-02-10,35.560001
2017-02-13,36.16
2017-02-14,36.880001
2017-02-15,37.509997999999996
2017-02-16,37.169998
2017-02-17,37.169998
2017-02-21,37.290001000000004
2017-02-22,37.360001000000004
2017-02-23,37.060001
2017-02-24,36.790001000000004
2017-02-27,37.200001
2017-02-28,34.509997999999996
2017-03-01,36.200001
2017-03-02,35.029999
2017-03-03,35.48
2017-03-06,35.200001
2017-03-07,35.07
2017-03-08,34.889998999999996
2017-03-09,34.830002
2017-03-10,35.150002
2017-03-13,35.73
2017-03-14,35.490002000000004
2017-03-15,35.27
2017-03-16,35.830002
2017-03-17,35.41
2017-03-20,34.91
2017-03-21,33.639998999999996
2017-03-22,33.650002
2017-03-23,33.740002000000004
2017-03-24,33.639998999999996
2017-03-27,33.549999
2017-03-28,34.25
2017-03-29,34.310001
2017-03-30,34.880001
2017-03-31,34.889998999999996
2017-04-03,34.759997999999996
2017-04-04,34.619999
2017-04-05,34.169998
2017-04-06,34.580002
2017-04-07,34.880001
2017-04-10,34.240002000000004
2017-04-11,34.080002
2017-04-12,33.73
2017-04-13,33.220001
2017-04-17,33.830002
2017-04-18,33.73
2017-04-19,33.720001
2017-04-20,34.619999
2017-04-21,34.549999
2017-04-24,35.450001
2017-04-25,35.5
2017-04-26,35.5
2017-04-27,34.860001000000004
2017-04-28,34.549999
2017-05-01,34.830002
2017-05-02,34.810001
2017-05-03,36.029999
2017-05-04,35.919998
2017-05-05,35.799999
2017-05-08,35.689999
2017-05-09,35.630001
2017-05-10,35.279999
2017-05-11,34.880001
2017-05-12,34.380001
2017-05-15,34.98
2017-05-16,35.279999
2017-05-17,33.400002
2017-05-18,33.389998999999996
2017-05-19,34.049999
2017-05-22,34.360001000000004
2017-05-23,34.73
2017-05-24,34.599998
2017-05-25,35.189999
2017-05-26,35.080002
2017-05-30,34.740002000000004
2017-05-31,34.610001000000004
2017-06-01,34.919998
2017-06-02,34.580002
2017-06-05,35.169998
2017-06-06,35.02
2017-06-07,35.25
2017-06-08,36.23
2017-06-09,36.939999
2017-06-12,37.060001
2017-06-13,37.240002000000004
2017-06-14,37.380001
2017-06-15,37.25
2017-06-16,37.049999
2017-06-19,37.619999
2017-06-20,37.049999
2017-06-21,36.82
2017-06-22,36.490002000000004
2017-06-23,36.240002000000004
2017-06-26,36.689999
2017-06-27,37.220001
2017-06-28,37.689999
2017-06-29,37.68
2017-06-30,38.029999
2017-07-03,38.450001
2017-07-05,38.700001
2017-07-06,38.509997999999996
2017-07-07,38.689999
2017-07-10,38.68
2017-07-11,38.5
2017-07-12,38.849998
2017-07-13,39.41
2017-07-14,39.5
2017-07-17,39.52
2017-07-18,40.07
2017-07-19,39.669998
2017-07-20,39.599998
2017-07-21,41.630001
2017-07-24,41.48
2017-07-25,41.919998
2017-07-26,41.110001000000004
2017-07-27,40.720001
2017-07-28,41.02
2017-07-31,41.0
2017-08-01,41.16
2017-08-02,41.09
2017-08-03,41.040001000000004
2017-08-04,41.209998999999996
2017-08-07,41.110001000000004
2017-08-08,41.23
2017-08-09,41.150002
2017-08-10,40.150002
2017-08-11,40.07
2017-08-14,40.509997999999996
2017-08-15,40.34
2017-08-16,40.419998
2017-08-17,39.610001000000004
2017-08-18,39.720001
2017-08-21,39.84
2017-08-22,40.639998999999996
2017-08-23,40.59
2017-08-24,40.939999
2017-08-25,41.07
2017-08-28,41.029999
2017-08-29,40.669998
2017-08-30,40.91
2017-08-31,41.009997999999996
2017-09-01,40.990002000000004
2017-09-05,39.939999
2017-09-06,40.119999
2017-09-07,39.490002000000004
2017-09-08,39.66
2017-09-11,40.439999
2017-09-12,40.75
2017-09-13,40.669998
2017-09-14,40.720001
2017-09-15,41.060001
2017-09-18,41.459998999999996
2017-09-19,41.700001
2017-09-20,41.779999
2017-09-21,41.779999
2017-09-22,41.82
2017-09-25,41.66
2017-09-26,41.900002
2017-09-27,43.16
2017-09-28,43.200001
2017-09-29,43.610001000000004
2017-10-02,43.66
2017-10-03,44.380001
2017-10-04,44.25
2017-10-05,45.009997999999996
2017-10-06,43.950001
2017-10-09,44.43
2017-10-10,43.990002000000004
2017-10-11,44.240002000000004
2017-10-12,43.98
2017-10-13,43.860001000000004
2017-10-16,44.490002000000004
2017-10-17,43.779999
2017-10-18,43.919998
2017-10-19,43.689999
2017-10-20,43.200001
2017-10-23,42.75
2017-10-24,43.619999
2017-10-25,43.419998
2017-10-26,43.639998999999996
2017-10-27,43.290001000000004
2017-10-30,43.470001
2017-10-31,43.59
2017-11-01,43.540001000000004
2017-11-02,44.450001
2017-11-03,44.02
2017-11-06,44.099998
2017-11-07,43.619999
2017-11-08,43.48
2017-11-09,43.080002
2017-11-10,42.919998
2017-11-13,43.599998
2017-11-14,43.869999
2017-11-15,43.759997999999996
2017-11-16,44.02
2017-11-17,44.18
2017-11-20,44.450001
2017-11-21,44.900002
2017-11-22,44.740002000000004
2017-11-24,44.869999
2017-11-27,45.130001
2017-11-28,46.310001
2017-11-29,47.779999
2017-11-30,48.139998999999996
2017-12-01,48.889998999999996
2017-12-04,50.540001000000004
2017-12-05,49.919998
2017-12-06,49.400002
2017-12-07,49.84
2017-12-08,50.380001
2017-12-11,49.639998999999996
2017-12-12,49.84
2017-12-13,48.700001
2017-12-14,48.43
2017-12-15,49.880001
2017-12-18,49.779999
2017-12-19,49.57
2017-12-20,49.540001000000004
2017-12-21,49.959998999999996
2017-12-22,49.709998999999996
2017-12-26,49.5
2017-12-27,49.490002000000004
2017-12-28,49.68
2017-12-29,49.57
2018-01-02,49.82
2018-01-03,50.619999
2018-01-04,51.299999
2018-01-05,51.470001
2018-01-08,51.77
2018-01-09,52.470001
2018-01-10,52.689999
2018-01-11,52.959998999999996
2018-01-12,53.939999
2018-01-16,53.669998
2018-01-17,54.0
2018-01-18,53.650002
2018-01-19,54.279999
2018-01-22,54.98
2018-01-23,54.959998999999996
2018-01-24,55.189999
2018-01-25,54.209998999999996
2018-01-26,53.490002000000004
2018-01-29,52.619999
2018-01-30,52.349998
2018-01-31,52.700001
2018-02-01,54.099998
2018-02-02,52.57
2018-02-05,50.349998
2018-02-06,52.279999
2018-02-07,51.549999
2018-02-08,48.48
2018-02-09,49.470001
2018-02-12,50.200001
2018-02-13,50.049999
2018-02-14,51.529999
2018-02-15,51.73
2018-02-16,51.810001
2018-02-20,52.009997999999996
2018-02-21,51.759997999999996
2018-02-22,50.740002000000004
2018-02-23,51.380001
2018-02-26,51.959998999999996
2018-02-27,53.110001000000004
2018-02-28,52.23
2018-03-01,51.189999
2018-03-02,51.52
2018-03-05,52.619999
2018-03-06,54.400002
2018-03-07,54.91
2018-03-08,55.169998
2018-03-09,57.240002000000004
2018-03-12,57.880001
2018-03-13,56.990002000000004
2018-03-14,57.16
2018-03-15,56.740002000000004
2018-03-16,57.290001000000004
2018-03-19,56.490002000000004
2018-03-20,57.16
2018-03-21,57.610001000000004
2018-03-22,54.970001
2018-03-23,53.09
2018-03-26,55.560001
2018-03-27,54.07
2018-03-28,53.599998
2018-03-29,55.41
2018-04-02,54.330002
2018-04-03,55.169998
2018-04-04,55.869999
2018-04-05,56.84
2018-04-06,55.240002000000004
2018-04-09,55.540001000000004
2018-04-10,57.259997999999996
2018-04-11,57.119999
2018-04-12,57.740002000000004
2018-04-13,56.959998999999996
2018-04-16,57.59
2018-04-17,58.439999
2018-04-18,58.060001
2018-04-19,58.830002
2018-04-20,60.48
2018-04-23,60.330002
2018-04-24,59.5
2018-04-25,59.560001
2018-04-26,60.57
2018-04-27,61.27
2018-04-30,60.68
2018-05-01,61.040001000000004
2018-05-02,60.869999
2018-05-03,60.450001
2018-05-04,61.470001
2018-05-07,62.150002
2018-05-08,62.939999
2018-05-09,64.0
2018-05-10,64.099998
2018-05-11,64.389999
2018-05-14,63.869999
2018-05-15,64.199997
2018-05-16,64.389999
2018-05-17,64.849998
2018-05-18,64.660004
2018-05-21,65.300003
2018-05-22,65.709999
2018-05-23,65.699997
2018-05-24,64.760002
2018-05-25,64.139999
2018-05-29,62.27
2018-05-30,63.630001
2018-05-31,63.349998
2018-06-01,64.08000200000001
2018-06-04,64.5
2018-06-05,64.690002
2018-06-06,65.989998
2018-06-07,64.959999
2018-06-08,65.410004
2018-06-11,64.480003
2018-06-12,64.519997
2018-06-13,64.879997
2018-06-14,64.839996
2018-06-15,64.309998
2018-06-18,64.389999
2018-06-19,64.470001
2018-06-20,65.209999
2018-06-21,65.209999
2018-06-22,64.93
2018-06-25,62.700001
2018-06-26,62.509997999999996
2018-06-27,61.25
2018-06-28,61.599998
2018-06-29,61.16
2018-07-02,61.619999
2018-07-03,60.740002000000004
2018-07-05,59.950001
2018-07-06,60.580002
2018-07-09,61.889998999999996
2018-07-10,60.959998999999996
2018-07-11,60.939999
2018-07-12,60.52
2018-07-13,59.759997999999996
2018-07-16,59.91
2018-07-17,61.139998999999996
2018-07-18,63.130001
2018-07-19,61.209998999999996
2018-07-20,59.630001
2018-07-23,60.040001000000004
2018-07-24,60.040001000000004
2018-07-25,61.18
2018-07-26,61.389998999999996
2018-07-27,61.23
2018-07-30,59.950001
2018-07-31,59.810001
2018-08-01,60.200001
2018-08-02,60.380001
2018-08-03,60.110001000000004
2018-08-06,60.41
2018-08-07,61.060001
2018-08-08,61.310001
2018-08-09,61.459998999999996
2018-08-10,60.57
2018-08-13,60.049999
2018-08-14,60.759997999999996
2018-08-15,60.330002
2018-08-16,61.290001000000004
2018-08-17,61.189999
2018-08-20,61.23
2018-08-21,58.560001
2018-08-22,59.099998
2018-08-23,58.43
2018-08-24,58.799999
2018-08-27,59.630001
2018-08-28,59.689999
2018-08-29,59.540001000000004
2018-08-30,58.66
2018-08-31,58.860001000000004
2018-09-04,59.360001000000004
2018-09-05,58.259997999999996
2018-09-06,55.419998
2018-09-07,54.990002000000004
2018-09-10,54.73
2018-09-11,54.5
2018-09-12,53.509997999999996
2018-09-13,53.509997999999996
2018-09-14,53.709998999999996
2018-09-17,53.310001
2018-09-18,53.759997999999996
2018-09-19,55.779999
2018-09-20,56.220001
2018-09-21,55.02
2018-09-24,54.41
2018-09-25,54.32
2018-09-26,53.02
2018-09-27,52.779999
2018-09-28,52.389998999999996
2018-10-01,51.84
2018-10-02,51.540001000000004
2018-10-03,52.41
2018-10-04,52.48
2018-10-05,52.689999
2018-10-08,52.84
2018-10-09,53.16
2018-10-10,50.830002
2018-10-11,49.52
2018-10-12,49.799999
2018-10-15,49.360001000000004
2018-10-16,50.400002
2018-10-17,50.57
2018-10-18,48.919998
2018-10-19,49.080002
2018-10-22,48.360001000000004
2018-10-23,48.610001000000004
2018-10-24,46.73
2018-10-25,47.369999
2018-10-26,47.52
2018-10-29,47.689999
2018-10-30,48.240002000000004
2018-10-31,49.419998
2018-11-01,50.5
2018-11-02,51.110001000000004
2018-11-05,51.439999
2018-11-06,52.41
2018-11-07,53.580002
2018-11-08,53.869999
2018-11-09,52.939999
2018-11-12,52.029999
2018-11-13,52.439999
2018-11-14,51.599998
2018-11-15,52.509997999999996
2018-11-16,52.189999
2018-11-19,51.32
2018-11-20,50.23
2018-11-21,50.77
2018-11-23,50.689999
2018-11-26,51.830002
2018-11-27,51.900002
2018-11-28,52.630001
2018-11-29,51.459998999999996
2018-11-30,52.290001000000004
2018-12-03,52.91
2018-12-04,48.650002
2018-12-06,47.400002
2018-12-07,45.740002000000004
2018-12-10,45.110001000000004
2018-12-11,44.900002
2018-12-12,45.619999
2018-12-13,44.259997999999996
2018-12-14,43.549999
2018-12-17,43.23
2018-12-18,43.509997999999996
2018-12-19,43.099998
2018-12-20,42.450001
2018-12-21,41.740002000000004
2018-12-24,41.27
2018-12-26,43.220001
2018-12-27,43.48
2018-12-28,43.529999
2018-12-31,43.880001
2019-01-02,44.470001
2019-01-03,43.400002
2019-01-04,45.279999
2019-01-07,45.57
2019-01-08,46.349998
2019-01-09,47.470001
2019-01-10,47.66
2019-01-11,47.880001
2019-01-14,47.599998
2019-01-15,47.799999
2019-01-16,49.34
2019-01-17,49.720001
2019-01-18,50.66
2019-01-22,50.080002
2019-01-23,49.299999
2019-01-24,49.48
2019-01-25,47.77
2019-01-28,47.509997999999996
2019-01-29,47.5
2019-01-30,46.439999
2019-01-31,46.66
2019-02-01,47.299999
2019-02-04,47.57
2019-02-05,47.16
2019-02-06,46.939999
2019-02-07,46.639998999999996
2019-02-08,45.93
2019-02-11,46.380001
2019-02-12,47.470001
2019-02-13,47.279999
2019-02-14,46.560001
2019-02-15,47.459998999999996
2019-02-19,48.650002
2019-02-20,48.439999
2019-02-21,48.23
2019-02-22,48.889998999999996
2019-02-25,48.75
2019-02-26,49.139998999999996
2019-02-27,49.279999
2019-02-28,48.990002000000004
2019-03-01,50.52
2019-03-04,49.07
2019-03-05,49.099998
2019-03-06,48.439999
2019-03-07,47.23
2019-03-08,46.860001000000004
2019-03-11,47.360001000000004
2019-03-12,48.049999
2019-03-13,48.380001
2019-03-14,48.900002
2019-03-15,49.02
2019-03-18,49.59
2019-03-19,49.18
2019-03-20,47.459998999999996
2019-03-21,46.599998
2019-03-22,45.02
2019-03-25,45.09
2019-03-26,45.639998999999996
2019-03-27,45.200001
2019-03-28,45.939999
2019-03-29,46.43
2019-04-01,47.970001
2019-04-02,48.060001
2019-04-03,48.029999
2019-04-04,48.43
2019-04-05,48.77
2019-04-08,48.669998
2019-04-09,47.990002000000004
2019-04-10,48.040001000000004
2019-04-11,48.279999
2019-04-12,49.290001000000004
2019-04-15,48.970001
2019-04-16,49.82
2019-04-17,49.970001
2019-04-18,51.139998999999996
2019-04-22,50.41
2019-04-23,50.459998999999996
2019-04-24,49.959998999999996
2019-04-25,50.189999
2019-04-26,50.259997999999996
2019-04-29,51.27
2019-04-30,50.66
2019-05-01,50.099998
2019-05-02,50.459998999999996
2019-05-03,50.599998
2019-05-06,50.450001
2019-05-07,49.830002
2019-05-08,49.779999
2019-05-09,50.080002
2019-05-10,49.650002
2019-05-13,47.509997999999996
2019-05-14,48.5
2019-05-15,47.68
2019-05-16,48.400002
2019-05-17,47.959998999999996
2019-05-20,48.18
2019-05-21,48.509997999999996
2019-05-22,47.66
2019-05-23,46.439999
2019-05-24,46.849998
2019-05-28,45.68
2019-05-29,46.040001000000004
2019-05-30,45.950001
2019-05-31,44.799999
2019-06-03,44.790001000000004
2019-06-04,46.689999
2019-06-05,46.759997999999996
2019-06-06,46.509997999999996
2019-06-07,46.060001
2019-06-10,46.639998999999996
2019-06-11,46.639998999999996
2019-06-12,45.490002000000004
2019-06-13,45.900002
2019-06-14,45.310001
2019-06-17,45.169998
2019-06-18,46.049999
2019-06-19,45.060001
2019-06-20,45.450001
2019-06-21,46.23
2019-06-24,44.560001
2019-06-25,44.470001
2019-06-26,44.259997999999996
2019-06-27,44.990002000000004
2019-06-28,44.599998
2019-07-01,45.650002
2019-07-02,45.560001
2019-07-03,45.529999
2019-07-05,46.150002
2019-07-08,45.110001000000004
2019-07-09,45.299999
2019-07-10,44.549999
2019-07-11,45.259997999999996
2019-07-12,45.75
2019-07-15,45.639998999999996
2019-07-16,46.400002
2019-07-17,45.720001
2019-07-18,46.509997999999996
2019-07-19,47.349998
2019-07-22,47.599998
2019-07-23,48.630001
2019-07-24,49.720001
2019-07-25,49.110001000000004
2019-07-26,49.5
2019-07-29,48.950001
2019-07-30,48.959998999999996
2019-07-31,48.790001000000004
2019-08-01,47.0
2019-08-02,46.080002
2019-08-05,43.200001
2019-08-06,44.130001
2019-08-07,42.59
2019-08-08,43.209998999999996
2019-08-09,42.220001
2019-08-12,41.139998999999996
2019-08-13,41.900002
2019-08-14,40.369999
2019-08-15,40.25
2019-08-16,41.09
2019-08-19,41.509997999999996
2019-08-20,41.27
2019-08-21,41.389998999999996
2019-08-22,41.310001
2019-08-23,40.099998
2019-08-26,40.360001000000004
2019-08-27,39.639998999999996
2019-08-28,40.259997999999996
2019-08-29,41.439999
2019-08-30,41.740002000000004
2019-09-03,41.009997999999996
2019-09-04,41.619999
2019-09-05,42.919998
2019-09-06,42.919998
2019-09-09,43.720001
2019-09-10,44.099998
2019-09-11,44.630001
2019-09-12,44.830002
2019-09-13,45.310001
2019-09-16,45.860001000000004
2019-09-17,45.16
2019-09-18,45.330002
2019-09-19,45.07
2019-09-20,44.91
2019-09-23,44.849998
2019-09-24,43.959998999999996
2019-09-25,44.119999
2019-09-26,42.0
2019-09-27,43.27
2019-09-30,43.689999
2019-10-01,36.509997999999996
2019-10-02,35.200001
2019-10-03,35.650002
2019-10-04,36.400002
2019-10-07,37.220001
2019-10-08,36.68
2019-10-09,37.639998999999996
2019-10-10,38.970001
2019-10-11,39.48
2019-10-14,39.330002
2019-10-15,39.849998
2019-10-16,39.009997999999996
2019-10-17,39.040001000000004
2019-10-18,40.849998
2019-10-21,40.990002000000004
2019-10-22,40.470001
2019-10-23,40.889998999999996
2019-10-24,40.900002
2019-10-25,41.049999
2019-10-28,41.91
2019-10-29,41.709998999999996
2019-10-30,42.349998
2019-10-31,41.790001000000004
2019-11-01,42.549999
2019-11-04,43.34
2019-11-05,43.529999
2019-11-06,43.43
2019-11-07,43.470001
2019-11-08,43.48
2019-11-11,43.200001
2019-11-12,43.68
2019-11-13,42.75
2019-11-14,43.68
2019-11-15,44.950001
2019-11-18,45.139998999999996
2019-11-19,45.0
2019-11-20,45.860001000000004
2019-11-21,41.580002
2019-11-22,42.380001
2019-11-25,43.900002
2019-11-26,43.970001
2019-11-27,44.490002000000004
2019-11-29,44.299999
2019-12-02,44.560001
2019-12-03,44.369999
2019-12-04,45.259997999999996
2019-12-05,45.490002000000004
2019-12-06,45.810001
2019-12-09,45.540001000000004
2019-12-10,45.369999
2019-12-11,44.93
2019-12-12,46.029999
2019-12-13,45.150002
2019-12-16,45.700001
2019-12-17,45.700001
2019-12-18,45.669998
2019-12-19,45.93
2019-12-20,45.700001
2019-12-23,45.720001
2019-12-24,45.779999
2019-12-26,45.900002
2019-12-27,45.580002
2019-12-30,45.380001
2019-12-31,45.369999
2020-01-02,46.09
2020-01-03,45.400002
2020-01-06,45.529999
2020-01-07,45.849998
2020-01-08,46.369999
2020-01-09,46.459998999999996
2020-01-10,46.299999
2020-01-13,46.759997999999996
2020-01-14,46.560001
2020-01-15,46.189999
2020-01-16,46.560001
2020-01-17,46.740002000000004
2020-01-21,46.52
2020-01-22,46.5
2020-01-23,46.07
2020-01-24,45.630001
2020-01-27,44.34
2020-01-28,44.490002000000004
2020-01-29,43.73
2020-01-30,44.540001000000004
2020-01-31,42.619999
2020-02-03,42.25
2020-02-04,43.470001
2020-02-05,44.880001
2020-02-06,43.630001
2020-02-07,43.610001000000004
2020-02-10,43.189999
2020-02-11,43.919998
2020-02-12,44.310001
2020-02-13,44.599998
2020-02-14,44.189999
2020-02-18,43.790001000000004
2020-02-19,44.93
2020-02-20,54.73
2020-02-21,53.349998
2020-02-24,50.380001
2020-02-25,48.52
2020-02-26,47.77
2020-02-27,45.950001
2020-02-28,45.779999
2020-03-02,47.029999
2020-03-03,45.0
2020-03-04,45.990002000000004
2020-03-05,42.860001000000004
2020-03-06,42.200001
2020-03-09,36.950001
2020-03-10,39.639998999999996
2020-03-11,36.849998
2020-03-12,30.860001
2020-03-13,36.110001000000004
2020-03-16,29.5
2020-03-17,32.869999
2020-03-18,29.360001
2020-03-19,30.280001000000002
2020-03-20,28.98
2020-03-23,27.27
2020-03-24,32.880001
2020-03-25,33.880001
2020-03-26,35.790001000000004
2020-03-27,33.98
2020-03-30,35.310001
2020-03-31,34.32
2020-04-01,31.98
2020-04-02,34.25
2020-04-03,34.290001000000004
2020-04-06,37.540001000000004
2020-04-07,37.400002
2020-04-08,39.919998
2020-04-09,41.759997999999996
2020-04-13,40.16
2020-04-14,40.52
2020-04-15,39.0
2020-04-16,39.110001000000004
2020-04-17,39.869999
2020-04-20,39.25
2020-04-21,37.639998999999996
2020-04-22,38.630001
2020-04-23,38.220001
2020-04-24,38.66
2020-04-27,40.110001000000004
2020-04-28,40.860001000000004
2020-04-29,41.889998999999996
2020-04-30,40.610001000000004
2020-05-01,39.439999
2020-05-04,39.169998
2020-05-05,39.049999
2020-05-06,38.369999
2020-05-07,39.970001
2020-05-08,41.209998999999996
2020-05-11,40.98
2020-05-12,39.380001
2020-05-13,37.889998999999996
2020-05-14,38.799999
2020-05-15,38.330002
2020-05-18,41.41
2020-05-19,40.369999
2020-05-20,42.139998999999996
2020-05-21,41.380001
2020-05-22,41.16
2020-05-26,44.799999
2020-05-27,48.150002
